1744773882027098112.000000 -0.006240980 0.001841111 0.056587588 0.000708927 -0.001223988 -0.000207733 0.999998987
1744773882121665280.000000 -0.005457415 0.001973135 0.067880273 0.000510079 -0.002130857 -0.000276190 0.999997556
1744773882229566976.000000 -0.004270151 0.005358735 0.081903845 0.002483354 -0.003699805 -0.000000543 0.999990106
1744773882323281152.000000 -0.006906264 0.004166874 0.090376459 0.001724047 -0.002564763 -0.000239070 0.999995232
1744773882456958976.000000 -0.005880240 0.005056474 0.102291271 0.002504915 -0.004063420 -0.000368938 0.999988556
1744773882561029120.000000 -0.002789742 0.002446915 0.122447260 0.009482074 -0.006580896 0.000930845 0.999932945
1744773882643627264.000000 -0.010071919 0.009112478 0.131415203 0.011077509 -0.003306330 -0.000389206 0.999933124
1744773882758724096.000000 -0.008197330 0.011936814 0.143299758 0.010907123 -0.004756152 -0.001085834 0.999928594
1744773882862657024.000000 -0.009622609 0.012017319 0.154865131 0.009744843 -0.004928698 -0.000975087 0.999939919
1744773882945875200.000000 -0.015628127 0.009610855 0.169426456 0.007529600 -0.002231918 -0.001215182 0.999968410
1744773883052041984.000000 -0.016035963 0.008985514 0.180554837 0.006504581 -0.002569385 -0.000757659 0.999975264
1744773883156612096.000000 -0.017212449 0.008880284 0.192209020 0.005981077 -0.002676224 -0.000569762 0.999978364
1744773883249728256.000000 -0.015034839 0.012373206 0.205902666 0.008121059 -0.004466515 0.000008202 0.999957085
1744773883359553024.000000 -0.017593540 0.011380677 0.214838028 0.007476456 -0.002969190 0.000391089 0.999967575
1744773883461978112.000000 -0.017094560 0.011911848 0.228108168 0.008034696 -0.003471331 0.000728292 0.999961495
1744773883554330112.000000 -0.017578028 0.013801575 0.243087709 0.009917167 -0.003488020 0.001882811 0.999942958
1744773883666910208.000000 -0.020106031 0.011971376 0.256486118 0.008613228 -0.002179077 0.001637897 0.999959230
1744773883761209344.000000 -0.021749858 0.010633606 0.267578274 0.007489857 -0.001163393 0.002361010 0.999968469
1744773883856421120.000000 -0.022608843 0.010328587 0.279551804 0.006462738 -0.000789306 0.002535383 0.999975622
1744773883960218112.000000 -0.023025030 0.011006958 0.291799128 0.006725222 -0.000459213 0.002443156 0.999974310
1744773884054752000.000000 -0.020877300 0.014126690 0.300068885 0.008381993 -0.002395395 0.002688295 0.999958396
1744773884158098944.000000 -0.023138255 0.014901942 0.316918880 0.008829272 -0.001491138 0.002925493 0.999955714
1744773884262027008.000000 -0.025166076 0.015344527 0.328485161 0.009472002 0.000067055 0.002824348 0.999951184
1744773884364572928.000000 -0.026376100 0.014897561 0.339781404 0.008721557 0.001212834 0.002348582 0.999958456
1744773884460207104.000000 -0.028871706 0.010861429 0.354125679 0.005109717 0.003150268 0.002165604 0.999979675
1744773884552116992.000000 -0.025875757 0.017895777 0.362530768 0.010665877 0.000141840 0.002719738 0.999939442
1744773884654300928.000000 -0.028599873 0.018107008 0.373555183 0.011126849 0.002191704 0.002882741 0.999931514
1744773884759222016.000000 -0.024442060 0.020564757 0.391211897 0.013069670 -0.002081822 0.002697883 0.999908864
1744773884863905280.000000 -0.030629249 0.020399684 0.402025312 0.012948295 0.002289102 0.002423164 0.999910653
1744773884958142976.000000 -0.028196167 0.019359365 0.413480401 0.011867288 -0.000189064 0.002534984 0.999926329
1744773885086920960.000000 -0.028252287 0.021804305 0.424364924 0.013046040 -0.001337904 0.003611458 0.999907494
1744773885158604032.000000 -0.028426085 0.022041226 0.436220348 0.012993839 -0.001672881 0.003352424 0.999908566
1744773885251944960.000000 -0.029531531 0.023154251 0.447089374 0.014238770 -0.001359183 0.003214963 0.999892533
1744773885357542144.000000 -0.031645741 0.024100849 0.464665502 0.014606014 -0.000571086 0.003098443 0.999888420
1744773885460498176.000000 -0.034270901 0.023833221 0.475700736 0.014096485 0.001592500 0.002247554 0.999896824
1744773885564718336.000000 -0.031703591 0.026236525 0.487069249 0.015437935 -0.001069424 0.002307288 0.999877632
1744773885658683904.000000 -0.036460124 0.026038932 0.498256862 0.015561033 0.003696641 0.001943075 0.999870241
1744773885752806912.000000 -0.032268103 0.026298489 0.508697987 0.015581393 -0.001322697 0.002588569 0.999874413
1744773885855910912.000000 -0.033268929 0.028035693 0.519816577 0.017021699 -0.000761524 0.002457802 0.999851882
1744773885979078144.000000 -0.031062022 0.028822049 0.531449735 0.017397674 -0.004356066 0.002311350 0.999836504
1744773886060403968.000000 -0.033588935 0.027415309 0.548443377 0.015635153 -0.002779197 0.002932291 0.999869585
1744773886164098304.000000 -0.037459966 0.032722529 0.559673369 0.021515137 0.000518555 0.003651807 0.999761760
1744773886257922048.000000 -0.035765808 0.028604882 0.571892440 0.015958624 -0.001748522 0.003310149 0.999865651
1744773886364978176.000000 -0.033213239 0.028697239 0.582646370 0.017505759 -0.004360578 0.003561985 0.999830961
1744773886470274304.000000 -0.034837637 0.027803868 0.593618691 0.015392666 -0.002445425 0.003632409 0.999872029
1744773886578132224.000000 -0.037420429 0.027481114 0.611356854 0.014626892 0.001007423 0.003628559 0.999885976
1744773886671745024.000000 -0.038894370 0.027036494 0.622422695 0.014640586 0.003288110 0.003110734 0.999882638
1744773886798483968.000000 -0.041519359 0.024929281 0.633517861 0.011275339 0.006969386 0.003500922 0.999906063
1744773886870266112.000000 -0.037941221 0.031721033 0.645167470 0.021558784 0.001008576 0.003873507 0.999759614
1744773886973267200.000000 -0.039883628 0.030493079 0.655920208 0.019308848 0.003326608 0.003601898 0.999801517
1744773887078053120.000000 -0.045695323 0.025165875 0.665177345 0.010247440 0.012523078 0.002119362 0.999866843
1744773887170504192.000000 -0.039184291 0.032554951 0.671333432 0.021838088 0.023289287 0.001987683 0.999488294
1744773887264854272.000000 -0.031960431 0.032344725 0.671267450 0.021676268 0.024461394 0.000385449 0.999465704
1744773887374120960.000000 -0.038306363 0.032992668 0.672441721 0.023000252 0.045939557 0.000488998 0.998679340
1744773887501206272.000000 -0.038490146 0.033267111 0.672019243 0.023113478 0.059533671 0.000348164 0.997958601
1744773887615384064.000000 -0.034747139 0.030091632 0.670295537 0.017759023 0.067111112 -0.001116547 0.997586846
1744773887740269312.000000 -0.034235749 0.030817365 0.670443177 0.018917801 0.078094229 -0.001967009 0.996764600
1744773887827044352.000000 -0.023552015 0.031514172 0.668069899 0.019288389 0.081756182 -0.001740567 0.996464193
1744773887920104960.000000 -0.021530237 0.031585086 0.668911338 0.019721190 0.098419480 -0.003215152 0.994944394
1744773888013894912.000000 -0.020929761 0.030482084 0.669037819 0.017729932 0.110401757 -0.002794317 0.993724942
1744773888116845056.000000 -0.019062988 0.029367417 0.668605626 0.015841896 0.120439820 -0.003642724 0.992587566
1744773888220797184.000000 -0.020710334 0.031154927 0.669481933 0.018232824 0.136118039 -0.003837928 0.990517437
1744773888312707072.000000 -0.018894747 0.029723072 0.669569612 0.015347356 0.146701530 -0.004260279 0.989052594
1744773888416018944.000000 -0.019704580 0.031253014 0.670188308 0.017562479 0.168710276 -0.004741757 0.985497892
1744773888530935040.000000 -0.019757396 0.031253807 0.669953644 0.017399902 0.182489604 -0.005804808 0.983036697
1744773888614924288.000000 -0.019167913 0.031250607 0.670403957 0.017505644 0.194543019 -0.005905372 0.980720043
1744773888740220160.000000 -0.019122522 0.030938294 0.670408547 0.016753593 0.207286745 -0.007070683 0.978111267
1744773888845144320.000000 -0.019259112 0.030896839 0.670283914 0.016334081 0.220727414 -0.007989803 0.975166023
1744773888970160896.000000 -0.018770900 0.030903552 0.670866549 0.016607964 0.233033508 -0.007871316 0.972295046
1744773889043260928.000000 -0.018596116 0.030960424 0.671172261 0.015851898 0.252180338 -0.008816655 0.967510283
1744773889137528064.000000 -0.018522676 0.030965444 0.671205401 0.015617149 0.265558481 -0.010217489 0.963914156
1744773889244241920.000000 -0.018285364 0.031049710 0.671649098 0.015386829 0.278865784 -0.011390053 0.960139334
1744773889381160960.000000 -0.018068537 0.030855119 0.671753526 0.015022894 0.298220158 -0.011969781 0.954303861
1744773889454952960.000000 -0.018191598 0.030832436 0.671611011 0.014670501 0.311261207 -0.013971181 0.950108528
1744773889548664064.000000 -0.018099941 0.030272529 0.671037734 0.013791830 0.323756218 -0.014319713 0.945931613
1744773889652950016.000000 -0.017557822 0.030321654 0.671757758 0.013763119 0.335996032 -0.014848819 0.941645801
1744773889757822976.000000 -0.017393775 0.030362541 0.672151864 0.013916834 0.347199321 -0.015949411 0.937552512
1744773889850437120.000000 -0.018057421 0.030268745 0.671087265 0.013694673 0.364923984 -0.015997296 0.930799186
1744773889955105024.000000 -0.015524805 0.028921429 0.671329379 0.013288903 0.374683946 -0.018414745 0.926874459
1744773890057213184.000000 -0.012095600 0.027510650 0.675836921 0.011291342 0.394595027 -0.018857213 0.918592274
1744773890152133888.000000 0.000458002 0.029177632 0.682280719 0.012975165 0.402751774 -0.018854385 0.915023029
1744773890266368256.000000 0.008466482 0.029181678 0.687482536 0.013290058 0.413536400 -0.019536328 0.910180926
1744773890360584960.000000 0.017399758 0.029096562 0.693816543 0.012531716 0.424659252 -0.020652117 0.905030966
1744773890454458112.000000 0.031735316 0.029313315 0.704136908 0.012932071 0.441691101 -0.022006707 0.896804035
1744773890558046208.000000 0.040981993 0.028989013 0.709754944 0.012161404 0.452530712 -0.023785880 0.891348600
1744773890654329344.000000 0.050461039 0.029092830 0.715327978 0.012533074 0.463055134 -0.024781505 0.885894358
1744773890757825024.000000 0.060060486 0.029098025 0.720283747 0.012796091 0.473987460 -0.025701728 0.880063474
1744773890853739008.000000 0.069302693 0.029142775 0.724844515 0.012647115 0.484612614 -0.027136030 0.874216378
1744773890946119936.000000 0.080032870 0.028799204 0.730849624 0.011551229 0.495732784 -0.027771795 0.867954075
1744773891059303936.000000 0.091451213 0.028820487 0.738266170 0.011145412 0.513605535 -0.028997028 0.857463896
1744773891153605888.000000 0.095608205 0.029534373 0.734244645 0.011887062 0.521748185 -0.029668095 0.852500618
1744773891257128960.000000 0.109808505 0.028721763 0.749801517 0.011385173 0.537543893 -0.031441789 0.842572510
1744773891351249920.000000 0.116970092 0.029293464 0.751554012 0.012608354 0.548371315 -0.032672342 0.835501373
1744773891453874176.000000 0.131331533 0.029368181 0.749116182 0.014404007 0.556099355 -0.035015985 0.830252945
1744773891568517120.000000 0.138764441 0.029707111 0.750334442 0.014469334 0.565109134 -0.035736773 0.824114799
1744773891650447104.000000 0.147085905 0.027623592 0.753776073 0.014727886 0.581947148 -0.035870805 0.812301695
1744773891756537088.000000 0.159034818 0.028246390 0.763273835 0.013952743 0.595213771 -0.037034385 0.802592278
1744773891871589888.000000 0.165870219 0.029909788 0.767340899 0.012727842 0.606324017 -0.038164172 0.794199467
1744773891963824384.000000 0.174330443 0.028472790 0.769909143 0.011973328 0.616749048 -0.037096933 0.786194086
1744773892056185344.000000 0.191208601 0.029092748 0.766012669 0.012406544 0.622648001 -0.036202244 0.781565666
1744773892158655232.000000 0.206026316 0.027780879 0.768962681 0.012002841 0.637192667 -0.035281193 0.769802988
1744773892261285376.000000 0.215222478 0.028667577 0.771304131 0.012348933 0.647006154 -0.036803294 0.761496007
1744773892364633088.000000 0.223352462 0.026086245 0.772634625 0.010840992 0.656735003 -0.033860199 0.753282964
1744773892469896192.000000 0.237456143 0.028711585 0.772608638 0.011956790 0.664605439 -0.033720557 0.746337473
1744773892557398016.000000 0.248344958 0.028927650 0.771876931 0.010752120 0.671951234 -0.033739857 0.739748299
1744773892661419264.000000 0.254317045 0.029047158 0.776151419 0.011135211 0.686618447 -0.035647061 0.726058125
1744773892776091136.000000 0.265058547 0.028995294 0.775120080 0.009143666 0.695714712 -0.038130090 0.717247248
1744773892871415040.000000 0.273769975 0.026916932 0.777589321 0.008181177 0.706027448 -0.037911218 0.707121670
1744773892973808384.000000 0.290855885 0.028031878 0.771298409 0.009014897 0.715762436 -0.038640250 0.697215736
1744773893068686336.000000 0.299844980 0.027577864 0.769931197 0.008668748 0.724596500 -0.038578816 0.688038230
1744773893163299072.000000 0.310547948 0.029029433 0.767517805 0.010172050 0.733278871 -0.040361118 0.678652883
1744773893257766912.000000 0.319892287 0.028994445 0.766228080 0.010430824 0.742019951 -0.040595304 0.669066310
1744773893361704192.000000 0.328951836 0.028722603 0.764360726 0.010906889 0.751438618 -0.042146932 0.658365250
1744773893468463104.000000 0.342720449 0.029820528 0.762444496 0.011389138 0.765250206 -0.045023073 0.642055631
1744773893571399936.000000 0.351255119 0.030201903 0.761120379 0.011639515 0.773586154 -0.045115639 0.631976068
1744773893669114112.000000 0.361363530 0.030183254 0.759407520 0.013271622 0.781413376 -0.045479797 0.622212708
1744773893763565056.000000 0.372058451 0.030524179 0.754359603 0.014612609 0.785066664 -0.047142833 0.617441833
1744773893870512896.000000 0.381491184 0.026747014 0.759232223 0.011874253 0.794585586 -0.044069506 0.605434239
1744773893963822080.000000 0.391953945 0.027558731 0.748695374 0.014248892 0.794503152 -0.043423049 0.605537891
1744773894071027968.000000 0.405703723 0.027153920 0.745015383 0.014924305 0.799369633 -0.044529427 0.599001288
1744773894174128896.000000 0.414581716 0.028482821 0.742386043 0.015638230 0.801841199 -0.046941333 0.595485270
1744773894276745984.000000 0.422649860 0.026446171 0.739133596 0.015584010 0.803616762 -0.045031000 0.593236327
1744773894370607104.000000 0.433248580 0.026214618 0.737507224 0.015729031 0.806043208 -0.045721386 0.589878500
1744773894487715328.000000 0.441610873 0.025402844 0.735717773 0.015137644 0.808311284 -0.045930780 0.586765885
1744773894580049152.000000 0.451328158 0.024620309 0.732591391 0.015073666 0.809063017 -0.046264473 0.585704207
1744773894672421120.000000 0.463334382 0.022958100 0.728263736 0.014206041 0.810586631 -0.045914911 0.583643258
1744773894776859136.000000 0.474374533 0.023790229 0.727079868 0.013835520 0.812096059 -0.046969153 0.581465840
1744773894874237184.000000 0.483143866 0.023446232 0.724725604 0.013097082 0.812848628 -0.046982396 0.580429435
1744773894979578880.000000 0.492049813 0.022846688 0.721558452 0.013292012 0.813440323 -0.047420699 0.579559803
1744773895083918080.000000 0.501281202 0.022525568 0.719213009 0.013947471 0.813706100 -0.046967190 0.579208076
1744773895176716032.000000 0.509872735 0.021832865 0.716123223 0.013832860 0.814318478 -0.046385378 0.578396559
1744773895271822336.000000 0.523790121 0.021566346 0.713521838 0.014071294 0.816542208 -0.046159044 0.575265348
1744773895386144256.000000 0.532695711 0.020302065 0.710578680 0.014398581 0.817154706 -0.045430444 0.574445009
1744773895488455168.000000 0.541992128 0.020484179 0.706797957 0.014720139 0.817903757 -0.046775080 0.573261619
1744773895571500032.000000 0.551500261 0.019849326 0.704728484 0.015318949 0.819291234 -0.047325585 0.571215808
1744773895674370048.000000 0.560165763 0.019108329 0.702136993 0.015596954 0.820590019 -0.046945401 0.569372356
1744773895788642048.000000 0.572491527 0.018772315 0.698312879 0.016116269 0.821833670 -0.047568992 0.567509413
1744773895883087104.000000 0.585315526 0.019769348 0.724130630 0.016554227 0.835172117 -0.044822536 0.547909141
1744773895979813376.000000 0.582142115 0.019969095 0.709045887 0.016436020 0.820720732 -0.048720390 0.569011211
1744773896085864960.000000 0.581385553 0.018532377 0.699554801 0.016869642 0.804980755 -0.045421649 0.591319144
1744773896198675200.000000 0.582028747 0.018436112 0.699639797 0.017645404 0.797582209 -0.043847553 0.601355672
1744773896274081280.000000 0.582431674 0.020196371 0.700032592 0.019427601 0.789103985 -0.045266628 0.612281322
1744773896378655232.000000 0.582036495 0.019556437 0.699188888 0.018655259 0.774940252 -0.044163082 0.630213737
1744773896481702144.000000 0.583270907 0.019500915 0.702335536 0.018193910 0.768707693 -0.043170385 0.637882352
1744773896575098368.000000 0.583394408 0.019418813 0.702519894 0.017520212 0.759324014 -0.042678203 0.649075329
1744773896678023168.000000 0.585288227 0.020753417 0.703091025 0.016798390 0.750885963 -0.044580370 0.658711433
1744773896770596352.000000 0.586040616 0.021282122 0.699735403 0.018921826 0.737923145 -0.043777168 0.673197687
1744773896872845056.000000 0.586700857 0.020488486 0.704177141 0.016807966 0.732261479 -0.042981438 0.679458082
1744773896975542016.000000 0.586476564 0.021177869 0.704481840 0.017876213 0.722306788 -0.042696029 0.690022111
1744773897081598976.000000 0.587378621 0.020955872 0.704691410 0.017262159 0.707696319 -0.042084429 0.705051064
1744773897176090368.000000 0.586793423 0.020832837 0.706415534 0.016021183 0.698628783 -0.041872051 0.714078367
1744773897281880064.000000 0.586138666 0.020759687 0.706716180 0.016932590 0.688767433 -0.040895481 0.723629951
1744773897375557888.000000 0.586933076 0.020659294 0.707037568 0.015622916 0.678255796 -0.040649034 0.733534396
1744773897479157248.000000 0.587811887 0.020774055 0.708665311 0.013852965 0.669278741 -0.041938316 0.741697669
1744773897586026240.000000 0.587961018 0.020820349 0.710073829 0.014349213 0.659263253 -0.041260540 0.750642180
1744773897679825920.000000 0.589917362 0.020985760 0.709873021 0.016286548 0.639635265 -0.043887477 0.767251849
1744773897782693120.000000 0.590273499 0.021565624 0.711790204 0.017139129 0.631664753 -0.044879477 0.773751795
1744773897888390144.000000 0.591659546 0.021135103 0.709472775 0.015873747 0.618977964 -0.042590160 0.784092069
1744773897974082304.000000 0.592940986 0.021281496 0.707845569 0.014980878 0.605821252 -0.043265708 0.794282258
1744773898077124096.000000 0.596714318 0.021564160 0.706355870 0.015421933 0.590785086 -0.042264037 0.805573702
1744773898180524032.000000 0.592051029 0.022861883 0.710047841 0.016271865 0.578713059 -0.041973282 0.814287901
1744773898274646016.000000 0.590682924 0.023059797 0.710830867 0.015560868 0.568183899 -0.042415176 0.821660519
1744773898381479936.000000 0.591073334 0.022648737 0.715687335 0.015432387 0.561006784 -0.039656982 0.826716840
1744773898486848000.000000 0.591337264 0.022544991 0.715032697 0.014792055 0.548028052 -0.039032619 0.835417807
1744773898580081920.000000 0.592536747 0.021108385 0.715547800 0.012993452 0.536083698 -0.037644345 0.843225002
1744773898677832960.000000 0.593554020 0.022058386 0.714956284 0.013771472 0.522878110 -0.037981007 0.851449490
1744773898794831360.000000 0.593101919 0.022784755 0.716146111 0.014134105 0.511672139 -0.037618123 0.858240545
1744773898890979328.000000 0.594545484 0.023022853 0.715543747 0.014136230 0.491520137 -0.036671840 0.869978905
1744773898983726336.000000 0.579651892 0.020912159 0.746296108 0.010765646 0.517660081 -0.034428641 0.854825675
1744773899080154880.000000 0.579511881 0.020444941 0.747342229 0.010323444 0.505840063 -0.033254944 0.861924231
1744773899183057152.000000 0.579207361 0.020883296 0.749101341 0.010493327 0.495741636 -0.033153150 0.867773652
1744773899287482368.000000 0.579293132 0.020529382 0.749730706 0.009972339 0.483832359 -0.032575596 0.874497414
1744773899390825984.000000 0.578098178 0.020482611 0.751825094 0.009774390 0.467316508 -0.031297557 0.883481979
1744773899504855040.000000 0.576727033 0.019639006 0.752689958 0.011073472 0.455145091 -0.028859321 0.889880598
1744773899619284992.000000 0.581999481 0.021090792 0.758502483 0.010845702 0.435786366 -0.028875882 0.899521470
1744773899701497088.000000 0.588032067 0.021340629 0.768164694 0.009981479 0.422656536 -0.027675766 0.905812323
1744773899796060160.000000 0.592341661 0.021478929 0.775187135 0.010399185 0.411213607 -0.026526684 0.911093593
1744773899899641344.000000 0.602602661 0.022574594 0.787446856 0.009987672 0.392457128 -0.027347650 0.919309437
1744773899996931072.000000 0.606909811 0.021134358 0.795016706 0.010839704 0.380675524 -0.025275968 0.924299717
1744773900120087040.000000 0.611533046 0.021692986 0.802862525 0.011472450 0.368131369 -0.025671490 0.929348528
1744773900207308032.000000 0.614767373 0.021911927 0.810623169 0.010479731 0.356654763 -0.023846190 0.933873117
1744773900302245120.000000 0.620348871 0.022768842 0.819123566 0.009639301 0.343599230 -0.023636501 0.938769400
1744773900395059968.000000 0.626752853 0.023061372 0.832042813 0.010338234 0.324706823 -0.022003058 0.945502281
1744773900497571328.000000 0.630612552 0.023119342 0.840570271 0.010278026 0.311087012 -0.020312643 0.950108767
1744773900600421120.000000 0.635367036 0.023785353 0.849385440 0.009744382 0.297684908 -0.019515160 0.954414964
1744773900702490368.000000 0.638370514 0.023868222 0.858054042 0.009696565 0.284969598 -0.017543914 0.958326995
1744773900807099136.000000 0.644491792 0.024961568 0.866896629 0.010497849 0.269962728 -0.016755590 0.962667823
1744773900931884032.000000 0.644754052 0.025302328 0.875553966 0.010725104 0.258792877 -0.016663473 0.965729594
1744773901048816128.000000 0.647018969 0.026214520 0.885822296 0.011200150 0.246541917 -0.016461916 0.968927622
1744773901135646208.000000 0.657531142 0.027231649 0.897588074 0.011035754 0.221755862 -0.014768165 0.974927962
1744773901248837120.000000 0.659350753 0.028176760 0.906674564 0.012114779 0.208713263 -0.014719660 0.977791071
1744773901340928000.000000 0.665603340 0.029287048 0.915895700 0.012574649 0.192506835 -0.013980568 0.981115460
1744773901423623168.000000 0.669417739 0.029689560 0.928481340 0.012696312 0.170579404 -0.013337349 0.985171914
1744773901521473280.000000 0.667664707 0.031421013 0.939338565 0.013178405 0.160317227 -0.013569547 0.986884296
1744773901627567360.000000 0.669646263 0.032342814 0.948866010 0.012763103 0.146789089 -0.013151365 0.988998055
1744773901720195328.000000 0.669991851 0.033336177 0.958812475 0.012935953 0.133831009 -0.013125389 0.990832806
1744773901823625984.000000 0.670389831 0.034254443 0.967846274 0.013107146 0.120049536 -0.012547310 0.992602110
1744773901915563008.000000 0.670242310 0.035115816 0.976303458 0.013639732 0.107116461 -0.012308670 0.994076729
1744773902029277184.000000 0.670691431 0.036501743 0.990150094 0.013738352 0.087141238 -0.011582180 0.996033907
1744773902121202944.000000 0.670192301 0.037428685 0.999208391 0.013013158 0.072823651 -0.010467740 0.997205019
1744773902534179328.000000 0.664256275 0.040770717 1.031291723 0.014496902 0.020663029 -0.011737154 0.999612510
1744773903122180096.000000 0.652435124 0.043107882 1.093526363 0.014989061 -0.049713530 -0.008822172 0.998612106
1744773903237252352.000000 0.652551174 0.043312266 1.102278352 0.014545592 -0.056147471 -0.008812071 0.998277664
1744773903364163072.000000 0.650937259 0.039156295 1.112061262 0.009573321 -0.061390989 -0.008532968 0.998031437
1744773903467760384.000000 0.651122808 0.038632132 1.127500296 0.008697184 -0.070325680 -0.008876016 0.997446716
1744773903583968256.000000 0.651272833 0.036721472 1.137980461 0.005735287 -0.076754577 -0.009634710 0.996986985
1744773903680123136.000000 0.641975164 0.038048167 1.148086905 0.005318118 -0.074672647 -0.010014270 0.997143626
1744773903766791168.000000 0.638372660 0.038441569 1.157430530 0.006263602 -0.075079329 -0.009981930 0.997107983
1744773903892240896.000000 0.636985242 0.037333541 1.166635275 0.004226550 -0.078153789 -0.010436500 0.996877730
1744773903974356224.000000 0.631040633 0.036613949 1.175670505 0.003128940 -0.074812017 -0.011054290 0.997131526
1744773904077208320.000000 0.624143124 0.035689108 1.189795852 0.000445526 -0.072758704 -0.011828463 0.997279346
1744773904170708224.000000 0.624198914 0.037154656 1.199273705 0.002272360 -0.076792978 -0.011209661 0.996981502
1744773904274006016.000000 0.620784581 0.037622761 1.208167195 0.002603176 -0.076420195 -0.011598809 0.997004807
1744773904376447232.000000 0.616625965 0.034810107 1.217239022 -0.001038563 -0.074427597 -0.013117910 0.997139633
1744773904480239104.000000 0.613557279 0.037031420 1.231723309 0.001407797 -0.074816391 -0.013049643 0.997110963
1744773904585381888.000000 0.611785293 0.039557688 1.241548300 0.004136349 -0.075888574 -0.012909979 0.997024179
1744773904687930112.000000 0.606252611 0.038812391 1.248376012 0.001622378 -0.068961136 -0.013243783 0.997530162
1744773904782179072.000000 0.617974460 0.038199931 1.257792592 0.000525991 -0.088524394 -0.013714800 0.995979488
1744773904876219136.000000 0.614045978 0.037248880 1.266300678 -0.002243626 -0.085752338 -0.014975570 0.996201456
1744773904980576000.000000 0.612982213 0.037537105 1.274145722 -0.002621073 -0.086207882 -0.014790281 0.996163964
1744773905086490880.000000 0.605882883 0.039240498 1.276831985 -0.003756267 -0.091862492 -0.010743593 0.995706677
1744773905179298048.000000 0.605772793 0.038886532 1.276159763 -0.003330914 -0.107667953 -0.008844836 0.994142056
1744773905282342912.000000 0.604574203 0.038198508 1.276988029 -0.005043826 -0.119548835 -0.007237135 0.992789149
1744773905375703040.000000 0.603337586 0.037418824 1.277196884 -0.006886933 -0.132420301 -0.007930646 0.991138041
1744773905491024128.000000 0.600708067 0.036813769 1.276314616 -0.007941753 -0.143168390 -0.007025775 0.989641547
1744773905604322304.000000 0.602541864 0.037701245 1.276842117 -0.006907592 -0.161578447 -0.005567271 0.986819983
1744773905677711360.000000 0.602726698 0.037050012 1.276768684 -0.008063211 -0.176831201 -0.005588531 0.984192312
1744773905782257152.000000 0.602156639 0.037922047 1.277475357 -0.006851873 -0.198245749 -0.003590635 0.980121911
1744773905885656064.000000 0.600496233 0.037789520 1.276164532 -0.007336128 -0.209968820 -0.002645864 0.977676988
1744773905977344000.000000 0.599962890 0.037211355 1.275488853 -0.007562758 -0.224068299 -0.002481259 0.974541008
1744773906080503296.000000 0.598758459 0.037338074 1.275560737 -0.008473765 -0.236183003 -0.000318696 0.971671641
1744773906182816000.000000 0.598588347 0.037339881 1.275413036 -0.008935983 -0.250477731 0.000311994 0.968081117
1744773906285851904.000000 0.598172128 0.039430447 1.274591565 -0.005755447 -0.271386325 0.000966460 0.962452888
1744773906390941184.000000 0.598047554 0.038826387 1.274286985 -0.007267829 -0.285080612 0.002688995 0.958472252
1744773906494618112.000000 0.586655676 0.040749058 1.269280434 -0.004083152 -0.278849989 0.003002135 0.960321307
1744773906591678208.000000 0.585942209 0.041137017 1.268232346 -0.003721609 -0.291162759 0.003506520 0.956659913
1744773906677410048.000000 0.589030802 0.040346604 1.270087481 -0.005526690 -0.310765773 0.004024209 0.950461924
1744773906781334272.000000 0.589583576 0.040575996 1.270647645 -0.005611845 -0.324993044 0.005699508 0.945682585
1744773906884752896.000000 0.589370847 0.039879806 1.274037719 -0.004223797 -0.357151479 0.004491229 0.934026122
1744773906977449216.000000 0.585343838 0.038234949 1.278614759 -0.006137238 -0.374638766 0.000106276 0.927150548
1744773907082163968.000000 0.583625197 0.038703691 1.282514334 -0.006556873 -0.392703801 -0.001332009 0.919640660
1744773907188133120.000000 0.582328856 0.041270714 1.281492114 -0.001684583 -0.402860463 0.007774996 0.915226877
1744773907304965376.000000 0.580100715 0.041868135 1.285184264 -0.001138256 -0.420282423 0.010145073 0.907335997
1744773907376805376.000000 0.578428507 0.041509345 1.283057332 -0.001644086 -0.426103920 0.010163251 0.904615641
1744773907490340352.000000 0.576425910 0.041668002 1.284234047 -0.002977484 -0.438989609 0.011420218 0.898414671
1744773907595518976.000000 0.573185086 0.042225923 1.285944343 -0.001869342 -0.457840204 0.012167491 0.888949275
1744773907681025024.000000 0.571404219 0.042253841 1.286803246 -0.003102165 -0.470422268 0.013496120 0.882332802
1744773907784569344.000000 0.567359388 0.042957168 1.290056705 -0.003639422 -0.485571116 0.015809227 0.874046683
1744773907888542208.000000 0.565110326 0.042737447 1.290357590 -0.004137103 -0.496385187 0.015626967 0.867951870
1744773907995965952.000000 0.564737558 0.042697541 1.288448811 -0.002484083 -0.503590107 0.015402833 0.863801897
1744773908088135936.000000 0.559635699 0.042399075 1.292225480 -0.006301573 -0.520294666 0.017972505 0.853774428
1744773908192765952.000000 0.559130311 0.043166995 1.289834499 -0.002690014 -0.532919288 0.018579377 0.845957875
1744773908285701888.000000 0.556058943 0.043375146 1.291764855 -0.002683014 -0.547391772 0.019738024 0.836639404
1744773908388569088.000000 0.552958846 0.043590568 1.292461157 -0.001004906 -0.558944345 0.020574480 0.828949332
1744773908492481280.000000 0.552386999 0.043517705 1.290907502 -0.001423445 -0.566057980 0.021392351 0.824086666
1744773908584112128.000000 0.550067365 0.043661814 1.291460872 -0.003145816 -0.576382399 0.022134263 0.816874206
1744773908698068224.000000 0.547278702 0.043684561 1.292982697 -0.001657189 -0.589862406 0.023029689 0.807173610
1744773908791936256.000000 0.545513630 0.043937854 1.292630792 -0.000206321 -0.600197732 0.024108158 0.799488306
1744773908885093120.000000 0.542953849 0.043735869 1.292727351 -0.005291503 -0.614414930 0.024080934 0.788597763
1744773909010249984.000000 0.540989995 0.043897238 1.293275952 -0.006796576 -0.626324594 0.024999263 0.779131830
1744773909093126144.000000 0.538501263 0.043864705 1.293896675 -0.007893212 -0.638193429 0.025550652 0.769411564
1744773909187261184.000000 0.536548734 0.043848537 1.294448614 -0.008541873 -0.650126874 0.026502576 0.759315372
1744773909291293184.000000 0.534795403 0.044523694 1.294790506 -0.007180981 -0.661651313 0.030043634 0.749175191
1744773909396418048.000000 0.531387329 0.044593856 1.295699120 -0.009004378 -0.679821014 0.030720580 0.732679129
1744773909503225088.000000 0.529147983 0.044710752 1.296187520 -0.010367927 -0.691719472 0.031656466 0.721397698
1744773909585844992.000000 0.528859735 0.045174953 1.302666426 -0.010642609 -0.719681680 0.034461450 0.693366826
1744773909690364160.000000 0.526645303 0.045193166 1.303264618 -0.011243393 -0.731433868 0.035062645 0.680917621
1744773909804678912.000000 0.524838805 0.045381881 1.303560257 -0.010026266 -0.741861403 0.036296383 0.669495165
1744773909898198016.000000 0.526709080 0.045124423 1.310148478 -0.012998265 -0.767716646 0.036588803 0.639612079
1744773909993381376.000000 0.526733637 0.045088515 1.309530497 -0.012087606 -0.778109670 0.038173400 0.626850963
1744773910088808960.000000 0.524603724 0.045357585 1.309214711 -0.011177003 -0.784918904 0.039463732 0.618239403
1744773910192746240.000000 0.524063349 0.045375831 1.309068918 -0.010947655 -0.790342569 0.040021703 0.611258626
1744773910297140992.000000 0.523016691 0.045594085 1.308819294 -0.009532882 -0.794491649 0.039679315 0.605902433
1744773910403001344.000000 0.522097945 0.045475364 1.308166504 -0.011398018 -0.796959102 0.041198511 0.602518857
1744773910506136064.000000 0.520766735 0.045376875 1.308138132 -0.011160729 -0.801682830 0.041453905 0.596206129
1744773910591026944.000000 0.519891739 0.045318820 1.307434797 -0.010340638 -0.802932680 0.042319305 0.594475746
1744773910716125952.000000 0.519043565 0.045358505 1.307444930 -0.010307072 -0.805598378 0.042476408 0.590847671
1744773910799262976.000000 0.518425822 0.045393787 1.306726933 -0.010339948 -0.806075454 0.042157453 0.590218842
1744773910901817088.000000 0.517561197 0.045503788 1.306579947 -0.010904736 -0.808029056 0.042374011 0.587515712
1744773910995773184.000000 0.516807318 0.045529589 1.306334138 -0.013502780 -0.809993923 0.042673074 0.584727824
1744773911098777344.000000 0.515057325 0.045427032 1.305795431 -0.015191306 -0.811063051 0.042109061 0.583243310
1744773911204357120.000000 0.514355540 0.045385867 1.305431128 -0.014922444 -0.811454713 0.042571861 0.582671583
1744773911307163904.000000 0.513634205 0.045375403 1.305056334 -0.014787599 -0.811835170 0.043499898 0.582076252
1744773911401335296.000000 0.512832999 0.045355007 1.304637432 -0.014767161 -0.811895251 0.043334391 0.582005262
1744773911525808384.000000 0.511562467 0.045324460 1.303971291 -0.015335293 -0.811874151 0.043586213 0.582001209
1744773911612750336.000000 0.510788798 0.045242436 1.303787827 -0.015809646 -0.812850595 0.044140663 0.580582082
1744773911694280192.000000 0.509631872 0.045257520 1.303185821 -0.016211843 -0.812577367 0.044158056 0.580952048
1744773911810284032.000000 0.508738160 0.045241706 1.303160906 -0.015576006 -0.813068926 0.044387940 0.580263734
1744773911906672896.000000 0.507990003 0.045137499 1.302619100 -0.015371932 -0.812076807 0.043945193 0.581690550
1744773912010477056.000000 0.507094502 0.045296483 1.302494287 -0.014759963 -0.812443376 0.044580832 0.581145883
1744773912102692096.000000 0.506207585 0.045261715 1.302115202 -0.014220009 -0.811721981 0.044097509 0.582203269
1744773912208327168.000000 0.504661322 0.045213655 1.301187277 -0.013791293 -0.810531080 0.043986656 0.583878756
1744773912302192896.000000 0.503893495 0.045228694 1.300924897 -0.013549601 -0.810438991 0.044759266 0.583953559
1744773912427621120.000000 0.503006697 0.045091350 1.300595760 -0.013739362 -0.809880018 0.044704817 0.584728181
1744773912530725120.000000 0.502090931 0.045068920 1.300316572 -0.010572278 -0.809671879 0.049971707 0.584655881
1744773912613530880.000000 0.501246691 0.045150377 1.299940109 -0.011219815 -0.808757484 0.049879070 0.585916042
1744773912706763008.000000 0.500444651 0.045082781 1.299595833 -0.012079402 -0.808524013 0.048181206 0.586363018
1744773912810951936.000000 0.499529600 0.045210291 1.299378157 -0.011804413 -0.808285356 0.049292654 0.586605191
1744773912904946176.000000 0.498134851 0.045307744 1.299203753 -0.010459819 -0.797915757 0.049195837 0.600667000
1744773913008481024.000000 0.497214913 0.045379966 1.298872471 -0.009108018 -0.793218374 0.049635317 0.606842697
1744773913111088896.000000 0.496416211 0.045269616 1.298357010 -0.008593770 -0.788302124 0.049495704 0.613234222
1744773913215130368.000000 0.495604038 0.045440763 1.297953129 -0.007375224 -0.784379363 0.050525192 0.618176222
1744773913308395264.000000 0.494498730 0.045063887 1.298178792 -0.009126076 -0.783684433 0.048787337 0.619173110
1744773913424442880.000000 0.493504763 0.045484968 1.298001647 -0.007487169 -0.781251132 0.050317299 0.622140467
1744773913516803328.000000 0.492229104 0.045427516 1.297522306 -0.007554850 -0.778326273 0.050066203 0.625815094
1744773913611736064.000000 0.491262794 0.045373462 1.297229409 -0.007665368 -0.776544631 0.049452916 0.628071725
1744773913704926976.000000 0.490333915 0.045480318 1.297118902 -0.007214343 -0.775561333 0.049653217 0.629275084
1744773913809061888.000000 0.489395738 0.045641255 1.296852946 -0.005877315 -0.774360836 0.050721325 0.630680621
1744773913913425920.000000 0.488602400 0.045650162 1.296280622 -0.005527582 -0.772331417 0.051101893 0.633136809
1744773914429097216.000000 0.483416557 0.045678407 1.295175791 -0.004668092 -0.771054149 0.051088955 0.634699762
1744773914522820352.000000 0.482333064 0.045671210 1.295083761 -0.005390848 -0.772239268 0.049780440 0.633355737
1744773914620756224.000000 0.481227756 0.045572225 1.294887781 -0.005709626 -0.771544874 0.049044557 0.634255886
1744773914714041344.000000 0.480255604 0.045625210 1.294599771 -0.005492839 -0.770422637 0.049087957 0.635617256
1744773914819878144.000000 0.479423523 0.045409139 1.294396520 -0.006005838 -0.770062864 0.049498029 0.636016667
1744773914944954880.000000 0.478482604 0.045602512 1.294180751 -0.005641499 -0.770443022 0.051036004 0.635437727
1744773915027958272.000000 0.477560163 0.045635633 1.294058561 -0.005201797 -0.771026075 0.051403232 0.634704232
1744773915124246016.000000 0.476703405 0.045571938 1.293576956 -0.005904316 -0.770034790 0.050435953 0.635977864
1744773915218403072.000000 0.475243926 0.045677617 1.293239832 -0.005774146 -0.769281268 0.051240265 0.636826098
1744773915323391232.000000 0.474283457 0.045589209 1.292941689 -0.006260809 -0.768550277 0.050748367 0.637742817
1744773915425810176.000000 0.473278046 0.045674086 1.292865157 -0.005430224 -0.768794596 0.051461603 0.637398720
1744773915527768064.000000 0.472519636 0.045659520 1.292566895 -0.004305336 -0.768428147 0.051955484 0.637808979
1744773915620847104.000000 0.471583486 0.045548871 1.292281389 -0.004343808 -0.769472003 0.050918072 0.636632919
1744773915731931904.000000 0.470432520 0.045593426 1.292271495 -0.004050405 -0.771186650 0.051753774 0.634489000
1744773915846416896.000000 0.469551682 0.045539659 1.292155027 -0.004493871 -0.771747470 0.051321369 0.633839011
1744773915930195968.000000 0.468133926 0.045676865 1.291617036 -0.003189261 -0.769915223 0.052103586 0.636007547
1744773916025079296.000000 0.467231750 0.045633648 1.291294456 -0.003230151 -0.768724263 0.052461941 0.637416959
1744773916132521216.000000 0.466361761 0.045611538 1.291178465 -0.003274615 -0.768558800 0.052780803 0.637589931
1744773916238430976.000000 0.465433955 0.045754105 1.290991068 -0.002532152 -0.769424617 0.053878147 0.636456311
1744773916333862912.000000 0.464566946 0.045836028 1.290838361 -0.002503917 -0.769664705 0.054763004 0.636090457
1744773916435090944.000000 0.463032842 0.045885053 1.290929794 -0.002759274 -0.772357583 0.054645341 0.632827044
1744773916551450368.000000 0.462101340 0.045896728 1.290743113 -0.002519589 -0.771394193 0.054074068 0.634051025
1744773916645811200.000000 0.461210847 0.045515656 1.290199399 -0.003832378 -0.769354045 0.050480448 0.636813581
1744773916726722304.000000 0.460558891 0.045590959 1.290421963 -0.002854841 -0.771291733 0.050697062 0.634453118
1744773916832411904.000000 0.459592819 0.045444723 1.290101051 -0.004495847 -0.771618545 0.048338603 0.634230316
1744773916936431104.000000 0.458660007 0.045448132 1.290024757 -0.004429842 -0.772795737 0.048491921 0.632784128
1744773917031024896.000000 0.457315683 0.045545232 1.288776875 -0.002477214 -0.767377317 0.051511791 0.639118493
1744773917124601088.000000 0.456389427 0.045506980 1.288557768 -0.003162418 -0.766305447 0.051094983 0.640433669
1744773917229392128.000000 0.455410600 0.045532141 1.288522840 -0.003476563 -0.766796172 0.051367328 0.639822602
1744773917324944128.000000 0.454467416 0.045657057 1.288212538 -0.003478321 -0.765178025 0.053041358 0.641620755
1744773917427055104.000000 0.453545928 0.045590132 1.288279414 -0.003484889 -0.765839040 0.053107679 0.640826046
1744773917555261184.000000 0.452620625 0.045435198 1.287963152 -0.002114427 -0.764464378 0.051348165 0.642614365
1744773917636544256.000000 0.451278448 0.045533426 1.287622690 -0.000175379 -0.763177872 0.051972728 0.644095063
1744773917740190976.000000 0.450389504 0.045585655 1.287532210 0.000337094 -0.763823867 0.052541196 0.643282592
1744773917842774272.000000 0.449442387 0.045643456 1.287333488 0.000724809 -0.763089895 0.053082976 0.644108236
1744773917936816896.000000 0.448557973 0.045533054 1.286955833 0.001204443 -0.761275768 0.052047033 0.646335065
1744773918041295360.000000 0.447664976 0.045831010 1.286907792 0.002624572 -0.762300074 0.054849781 0.644890070
1744773918134630912.000000 0.446222663 0.045751296 1.286424637 0.002190263 -0.761479795 0.052640811 0.646043897
1744773918237467904.000000 0.445284724 0.045731504 1.286202192 0.001949412 -0.761676550 0.053254303 0.645762444
1744773918350936064.000000 0.444374561 0.045995973 1.286090970 0.004571296 -0.762122869 0.055942185 0.644994855
1744773918435670016.000000 0.443404555 0.045938823 1.285961032 0.004639536 -0.763012350 0.056674782 0.643877864
1744773918537903360.000000 0.442442656 0.046191931 1.285730839 0.008782069 -0.762165904 0.060699154 0.644470036
1744773918630377984.000000 0.441670179 0.046155192 1.285385966 0.008653851 -0.759243608 0.060327150 0.647946775
1744773918746156288.000000 0.440232515 0.046039663 1.284935594 0.007937338 -0.758922458 0.059287269 0.648427844
1744773918838103040.000000 0.439207077 0.046331596 1.284982800 0.010372385 -0.761070430 0.062768131 0.645541966
1744773918932167936.000000 0.438372493 0.046328470 1.284784555 0.009999584 -0.761555910 0.062624663 0.644989073
1744773919047784960.000000 0.437391520 0.046384688 1.284681678 0.009351203 -0.762500465 0.062285025 0.643914819
1744773919140974336.000000 0.436655283 0.045842972 1.285608530 0.005229134 -0.764303863 0.052963637 0.642656326
1744773919257730304.000000 0.436623216 0.044563625 1.287104011 -0.004410930 -0.773546576 0.035957921 0.632703125
1744773919343428096.000000 0.436858892 0.044805203 1.286151409 -0.003770063 -0.755248845 0.040955670 0.654146552
1744773919449006080.000000 0.436868787 0.045906894 1.285187125 0.008293184 -0.732858539 0.053060744 0.678258240
1744773919551790336.000000 0.436864495 0.046972387 1.284300327 0.019009376 -0.713846803 0.066658668 0.696862936
1744773919645434112.000000 0.436922550 0.046285260 1.285117626 0.012770073 -0.713857114 0.058081187 0.697761834
1744773919748183296.000000 0.436929584 0.045899153 1.285252690 0.008868831 -0.706759572 0.053270828 0.705389678
1744773919840593152.000000 0.437025905 0.046147324 1.285222650 0.011259195 -0.698427379 0.055858012 0.713408947
1744773919944738048.000000 0.436891913 0.046252850 1.285387397 0.011175392 -0.687787116 0.056703579 0.723608136
1744773920048748288.000000 0.436951041 0.046642188 1.284755826 0.014955926 -0.672301710 0.060885157 0.737617612
1744773920144689920.000000 0.436985493 0.046525445 1.284674406 0.013410768 -0.662038803 0.059550393 0.746979594
1744773920248206080.000000 0.436967373 0.046570756 1.285035610 0.013764510 -0.656960368 0.059072476 0.751481295
1744773920354093056.000000 0.437081099 0.046468142 1.285106182 0.012495752 -0.649540961 0.057092525 0.758077085
1744773920447560960.000000 0.437204957 0.046244267 1.285381556 0.010136929 -0.643044710 0.053477965 0.763891995
1744773920539646976.000000 0.437242389 0.046237234 1.285505533 0.010003234 -0.631149232 0.052416306 0.773823738
1744773920644184064.000000 0.437404513 0.046375524 1.285955906 0.011346833 -0.627051890 0.053165451 0.777078271
1744773920737308928.000000 0.437370539 0.046456128 1.285881162 0.012053823 -0.617018402 0.054063164 0.784996986
1744773920865468928.000000 0.437372267 0.046432629 1.285578728 0.012101252 -0.604833007 0.053056590 0.794490874
1744773920959087104.000000 0.437235117 0.046467252 1.285584688 0.013148094 -0.596591592 0.052489918 0.800718784
1744773921041414912.000000 0.437335908 0.046483032 1.285599589 0.012183327 -0.587190270 0.053245299 0.807604015
1744773921144709120.000000 0.437239707 0.046442565 1.285260558 0.012541952 -0.570071042 0.051413652 0.819889247
1744773921241831936.000000 0.437299490 0.046470545 1.285180211 0.012210717 -0.560881555 0.051368456 0.826210678
1744773921347276288.000000 0.437215984 0.046488248 1.285172701 0.011945239 -0.551377296 0.051670656 0.832568645
1744773921449796096.000000 0.437345028 0.045563951 1.285368323 0.001801252 -0.543807507 0.043356638 0.838087380
1744773921536564224.000000 0.437609673 0.045806229 1.285856247 0.003914474 -0.540944517 0.044562984 0.839867771
1744773921655588096.000000 0.437649310 0.045750502 1.285815358 0.002973049 -0.529763579 0.043807492 0.847008049
1744773921757991936.000000 0.437696576 0.045753065 1.285819888 0.003327414 -0.515197992 0.042236015 0.856023431
1744773921842590208.000000 0.437699497 0.045657881 1.285862803 0.002340906 -0.505738556 0.040779106 0.861719310
1744773921951791360.000000 0.437762082 0.045852520 1.285976529 0.003978532 -0.497365475 0.042408824 0.866494775
1744773922045299968.000000 0.437718272 0.045959182 1.285749078 0.005016981 -0.486028969 0.043001600 0.872869730
1744773922150077184.000000 0.437478781 0.045912318 1.285583615 0.006140183 -0.470541269 0.041592751 0.881375790
1744773922244689920.000000 0.437080622 0.045939092 1.286326766 0.003300458 -0.459977090 0.042754501 0.886894763
1744773922359143936.000000 0.436476231 0.045810848 1.286999464 0.003937762 -0.447604984 0.038268708 0.893403530
1744773922442447104.000000 0.435570657 0.045804426 1.287912607 0.004516153 -0.431020141 0.037225913 0.901562810
1744773922548896000.000000 0.434978366 0.045655482 1.288631678 0.003803969 -0.420234114 0.034789197 0.906740665
1744773922684400384.000000 0.434231699 0.045801710 1.289312959 0.004727006 -0.407914430 0.035541993 0.912315905
1744773922756707072.000000 0.433524609 0.045782164 1.290002704 0.003971522 -0.396297306 0.034306291 0.917472482
1744773922860622080.000000 0.432997137 0.045827232 1.290688753 0.003318056 -0.384737402 0.032675736 0.922441542
1744773922952874240.000000 0.432015717 0.045844369 1.291877270 0.002935847 -0.368058711 0.034074333 0.929173410
1744773923056862208.000000 0.431534469 0.045844771 1.292574644 0.003022068 -0.356261253 0.032829575 0.933804631
1744773923160339968.000000 0.430723965 0.045933135 1.293384910 0.003301942 -0.342046469 0.034749877 0.939034522
1744773923263319296.000000 0.430253893 0.045839287 1.294195652 0.004002596 -0.332044899 0.031805657 0.942718744
1744773923356324096.000000 0.430051714 0.045979537 1.294911027 0.004175230 -0.321675777 0.032851629 0.946270645
1744773923469108992.000000 0.429398477 0.046018533 1.295823455 0.003843447 -0.308980316 0.032149140 0.950517178
1744773923553526272.000000 0.428832293 0.046079993 1.296976686 0.005808249 -0.291505009 0.030286450 0.956072152
1744773923666208000.000000 0.428219289 0.046152230 1.297871709 0.004120412 -0.278180510 0.029847145 0.960056186
1744773923748023040.000000 0.427812696 0.046339437 1.298718214 0.004161947 -0.266935021 0.030065766 0.963236451
1744773923864549120.000000 0.427178621 0.046402737 1.299757242 0.004088350 -0.253862053 0.030084511 0.966763854
1744773923959304192.000000 0.426805109 0.046415739 1.300652981 0.003751384 -0.242266402 0.028294561 0.969789863
1744773924055230976.000000 0.426563501 0.046476897 1.301512480 0.003376295 -0.231463075 0.027122544 0.972459674
1744773924159412224.000000 0.426084816 0.046533167 1.302916169 0.002897100 -0.214171246 0.025736934 0.976452768
1744773924256894208.000000 0.425657451 0.046624817 1.303907514 0.002866934 -0.201673314 0.025585862 0.979114413
1744773924359017984.000000 0.425282419 0.046649609 1.304916739 0.003169491 -0.189535379 0.025211424 0.981545091
1744773924451829248.000000 0.425230980 0.046727616 1.305690050 0.003651298 -0.178764835 0.024128363 0.983589232
1744773924565673984.000000 0.424951851 0.046752106 1.306733727 0.003639795 -0.165442035 0.024074385 0.985918939
1744773924657997056.000000 0.424656600 0.046872515 1.308167100 0.004619737 -0.146413371 0.023623476 0.988930583
1744773924761449984.000000 0.424515963 0.046925552 1.309100866 0.004637986 -0.134148195 0.022482997 0.990695417
1744773924865037312.000000 0.424242884 0.046926234 1.309900761 0.004301427 -0.120399967 0.021727398 0.992478430
1744773924967973120.000000 0.423964232 0.046885557 1.311023116 0.003609060 -0.106567457 0.019801801 0.994101763
1744773925061856000.000000 0.424123317 0.046763413 1.311935782 0.002294495 -0.095731728 0.018658789 0.995229661
1744773925178670080.000000 0.424044132 0.046849325 1.312866092 0.002439156 -0.082992911 0.017634179 0.996391177
1744773925263984128.000000 0.424121678 0.047017250 1.314321995 0.002700194 -0.065524004 0.016747056 0.997706831
1744773925358736896.000000 0.424058199 0.047075104 1.315219402 0.002588928 -0.052151173 0.015952220 0.998508453
1744773925467236352.000000 0.424183398 0.047186848 1.316103935 0.003625524 -0.041132301 0.015490895 0.999027014
1744773925563942912.000000 0.424116284 0.047272153 1.317157626 0.003736614 -0.028375162 0.015313093 0.999473095
1744773925666247168.000000 0.424306899 0.047308881 1.318057418 0.002446856 -0.020581799 0.014954390 0.999673367
1744773925770089984.000000 0.424314111 0.047426403 1.319015622 0.002982967 -0.011551227 0.014711572 0.999820590
1744773925863008000.000000 0.424273789 0.047493707 1.320370913 0.002286115 -0.000874111 0.013642388 0.999903977
1744773925966241024.000000 0.424165338 0.047559135 1.321302295 0.002286237 0.005674834 0.013397670 0.999891579
1744773926080728064.000000 0.424495131 0.047673862 1.322155356 0.003085661 0.007925342 0.013434159 0.999873579
1744773926175164928.000000 0.424438238 0.047690742 1.323067546 0.002369317 0.012382699 0.012773869 0.999838948
1744773926267795200.000000 0.424460977 0.047750160 1.324032903 0.002825091 0.016481169 0.012687032 0.999779761
1744773926373179904.000000 0.424413353 0.047786769 1.324950218 0.003284347 0.019348180 0.012319295 0.999731541
1744773926466410240.000000 0.424435288 0.047792353 1.326304317 0.003549971 0.022836212 0.012163725 0.999658942
1744773926579360000.000000 0.424387932 0.047723304 1.327117205 0.002597441 0.025303088 0.012093940 0.999603271
1744773926661026304.000000 0.424393415 0.047824889 1.328144073 0.002253270 0.027406251 0.011853297 0.999551594
1744773926776963328.000000 0.424415648 0.047865897 1.329059362 0.002229227 0.029629873 0.011776964 0.999489129
1744773926889430016.000000 0.424437702 0.047940280 1.329986572 0.002962548 0.032215126 0.011525353 0.999410093
1744773926971376128.000000 0.424477160 0.047939595 1.330887914 0.001778446 0.034434926 0.011274301 0.999341846
1744773927077237248.000000 0.424489111 0.047991470 1.331879377 0.001422791 0.036909163 0.011531143 0.999251187
1744773927171179008.000000 0.424510658 0.048122752 1.333244085 0.002166064 0.040137749 0.011248924 0.999128520
1744773927279849984.000000 0.424667239 0.048119374 1.334159970 0.001450030 0.041389648 0.011087274 0.999080598
1744773927372324352.000000 0.424705625 0.048278458 1.335089564 0.003002401 0.042626720 0.011078362 0.999025166
1744773927476426240.000000 0.424614370 0.048184328 1.336003304 0.001790160 0.045556214 0.011173899 0.998897672
1744773927580274176.000000 0.424709201 0.048137005 1.336900115 0.000772704 0.046801355 0.010871408 0.998844802
1744773927676352000.000000 0.424652100 0.048331909 1.338278770 0.001532350 0.050307434 0.010757142 0.998674691
1744773927781147904.000000 0.424767613 0.048407078 1.339253426 0.001897210 0.051149767 0.010993700 0.998628676
1744773927876142336.000000 0.424748927 0.048463564 1.340165377 0.001313867 0.053826477 0.010302201 0.998496294
1744773927969201152.000000 0.424838006 0.048497543 1.341084003 0.001859259 0.054738894 0.010068813 0.998448253
1744773928072259072.000000 0.424832404 0.048569426 1.342028975 0.001758554 0.056977261 0.009665715 0.998327196
1744773928176504064.000000 0.424902469 0.048614189 1.342934608 0.002427541 0.058305200 0.009165755 0.998253822
1744773928269387008.000000 0.424946606 0.048667196 1.344211102 0.001823645 0.062257729 0.008425084 0.998022854
1744773928372980224.000000 0.426820666 0.048712131 1.344746351 -0.000156384 0.049339063 0.006278239 0.998762369
1744773928480601344.000000 0.425645351 0.048465911 1.344895840 -0.002044515 0.078567646 0.005903539 0.996889293
1744773928584219904.000000 0.425120205 0.048628915 1.345099926 -0.000642588 0.096165121 0.004889616 0.995353222
1744773928687875328.000000 0.425132126 0.048657116 1.345150709 -0.000165550 0.106685437 0.003550746 0.994286478
1744773928775088384.000000 0.425306439 0.048680130 1.345116615 -0.000405264 0.117656596 0.002126561 0.993052006
1744773928884860928.000000 0.425581574 0.048714183 1.345127702 -0.000766695 0.133617625 0.000785275 0.991032362
1744773928976719104.000000 0.425549418 0.048708502 1.345159650 -0.000674825 0.146452576 0.000278908 0.989217460
1744773929071290880.000000 0.425920427 0.048678324 1.345073342 -0.001558348 0.153135046 -0.000827681 0.988203704
1744773929175101952.000000 0.425970346 0.048693210 1.345007896 -0.001242712 0.164104223 -0.000908457 0.986441791
1744773929280293888.000000 0.425922513 0.048700109 1.345009327 -0.001006496 0.176728070 -0.001996961 0.984257221
1744773929592914176.000000 0.426562428 0.048778117 1.344847918 -0.000203842 0.207556903 -0.006410080 0.978201985
1744773929678145280.000000 0.426651627 0.048740294 1.344662905 0.000044616 0.216033295 -0.003966109 0.976378024
1744773929793370368.000000 0.426745594 0.048690077 1.344696760 -0.000903636 0.226468757 -0.006239363 0.973998129
1744773929887610112.000000 0.426779449 0.048686195 1.344591975 -0.000756529 0.235600069 -0.005569594 0.971833885
1744773929983237376.000000 0.426998317 0.048626333 1.344617367 -0.001809659 0.244939491 -0.006605205 0.969514191
1744773930079480064.000000 0.427179962 0.048673816 1.344434500 -0.000770380 0.259949446 -0.007543174 0.965592444
1744773930172997120.000000 0.427121580 0.048554126 1.344391823 -0.001844258 0.270763397 -0.005619743 0.962627769
1744773930297505024.000000 0.427405775 0.048647359 1.344342232 -0.001335045 0.278811485 -0.008768610 0.960304916
1744773930380575232.000000 0.427486479 0.048668914 1.344186544 -0.000729455 0.287809402 -0.009070738 0.957644522
1744773930483896320.000000 0.427574247 0.048722677 1.344324350 -0.000119249 0.297386467 -0.009183750 0.954713047
1744773930588453888.000000 0.428186417 0.048591848 1.344381928 -0.000840330 0.317566037 -0.011454729 0.948166668
1744773930680648960.000000 0.428777516 0.048576232 1.345339060 -0.002391517 0.333553284 -0.013497542 0.942631602
1744773930794627072.000000 0.429346412 0.048689745 1.345924616 -0.000342012 0.345903903 -0.013593717 0.938171387
1744773930889742080.000000 0.430051386 0.048748657 1.346388578 0.000651696 0.356222451 -0.014714108 0.934285104
1744773930992623360.000000 0.430608630 0.048701979 1.347087741 -0.000883619 0.370861322 -0.017091645 0.928530574
1744773931101602048.000000 0.431405485 0.048850589 1.347511053 0.000716295 0.380987793 -0.016658066 0.924429715
1744773931221729024.000000 0.432037771 0.048957106 1.348041773 0.001009096 0.392853409 -0.017069193 0.919442177
1744773931295361024.000000 0.433060914 0.048974704 1.348944664 0.001310949 0.411742598 -0.019109240 0.911098897
1744773931398079232.000000 0.433789730 0.048996732 1.349606633 0.000871620 0.424875528 -0.019542288 0.905040503
1744773931501646336.000000 0.434585929 0.049069881 1.349946499 0.000924687 0.435520172 -0.020288916 0.899949908
1744773931610981120.000000 0.435357004 0.049174182 1.350297332 0.001800313 0.447116464 -0.020775694 0.894232631
1744773931693780224.000000 0.436532080 0.049290646 1.350952744 0.004555595 0.464143544 -0.021284403 0.885492504
1744773931796153344.000000 0.437329978 0.049277861 1.351337194 0.007151183 0.474754483 -0.022163596 0.879810154
1744773931899399936.000000 0.438073456 0.049488202 1.351732731 0.008876837 0.487029165 -0.021874927 0.873066604
1744773931993926912.000000 0.438874185 0.049424194 1.352091551 0.007400203 0.498329729 -0.023514763 0.866637051
1744773932088346880.000000 0.439661264 0.049429465 1.352304220 0.007035548 0.509133339 -0.025022827 0.860295117
1744773932191353088.000000 0.440544933 0.049512509 1.352752686 0.007482139 0.520307899 -0.024863593 0.853583992
1744773932298006016.000000 0.441380560 0.049598843 1.353029847 0.007257839 0.530448914 -0.024777064 0.847323656
1744773932391974912.000000 0.442608356 0.049577158 1.353682280 0.005831113 0.547852695 -0.025292989 0.836172104
1744773932510080000.000000 0.443486840 0.049635433 1.354002476 0.006034023 0.558965862 -0.026180012 0.828755319
1744773932592485120.000000 0.444357067 0.049793746 1.354362011 0.007228329 0.569914281 -0.027005661 0.821228445
1744773932696733952.000000 0.445068240 0.049761664 1.354580164 0.006106918 0.580942035 -0.027044354 0.813472629
1744773933499597056.000000 0.445785463 0.049730506 1.354779005 0.004984389 0.591863573 -0.027078100 0.805567861
1744773933499597056.000000 0.445785463 0.049730506 1.354779005 0.004984389 0.591863573 -0.027078100 0.805567861
1744773933499597056.000000 0.445785463 0.049730506 1.354779005 0.004984389 0.591863573 -0.027078100 0.805567861
1744773933499597056.000000 0.445785463 0.049730506 1.354779005 0.004984389 0.591863573 -0.027078100 0.805567861
1744773933499597056.000000 0.445785463 0.049730506 1.354779005 0.004984389 0.591863573 -0.027078100 0.805567861
1744773933499597056.000000 0.445785463 0.049730506 1.354779005 0.004984389 0.591863573 -0.027078100 0.805567861
1744773933499597056.000000 0.445785463 0.049730506 1.354779005 0.004984389 0.591863573 -0.027078100 0.805567861
1744773933499597056.000000 0.445785463 0.049730506 1.354779005 0.004984389 0.591863573 -0.027078100 0.805567861
1744773933499597056.000000 0.445785463 0.049730506 1.354779005 0.004984389 0.591863573 -0.027078100 0.805567861
1744773933499597056.000000 0.445785463 0.049730506 1.354779005 0.004984389 0.591863573 -0.027078100 0.805567861
