1745010382703689216.000000 0.000535974 -0.002118998 0.071596205 -0.000376005 0.003165519 -0.000185496 0.999994934
1745010382804954880.000000 0.000384246 -0.002536383 0.085483283 -0.000627854 0.003303077 -0.000426249 0.999994278
1745010382896722176.000000 0.000513401 -0.003426908 0.096526884 -0.001077098 0.002652214 -0.000123747 0.999995947
1745010382998989056.000000 0.002449638 -0.003805357 0.114417113 -0.001783826 0.001831830 -0.000136628 0.999996722
1745010383100270336.000000 0.000434482 -0.003218967 0.116885729 -0.003002397 0.002526809 0.000646722 0.999992132
1745010383204265216.000000 0.000193785 -0.003619308 0.126297370 -0.004518338 0.001515550 0.001193884 0.999987960
1745010383295890176.000000 0.000346666 -0.003755368 0.134904891 -0.004054309 0.001061809 0.001159960 0.999990582
1745010383397851904.000000 0.000158702 -0.004418660 0.149721473 -0.003792485 0.000304920 0.000996472 0.999992311
1745010383501071872.000000 0.000297938 -0.004769847 0.158422649 -0.003604473 0.000093180 0.000531596 0.999993384
1745010383604988160.000000 0.000071354 -0.005370579 0.167759582 -0.003518500 0.000191756 0.000388921 0.999993742
1745010383696521984.000000 -0.000096273 -0.005701842 0.175692588 -0.003310222 0.000425150 0.000274598 0.999994457
1745010383798554112.000000 0.000000002 -0.005874480 0.190527245 -0.003189326 0.000703638 0.000283129 0.999994636
1745010383900534272.000000 0.000166156 -0.006270792 0.199529901 -0.003252456 0.000942409 0.000273015 0.999994278
1745010384002942976.000000 -0.000137259 -0.006852590 0.208048522 -0.003322236 0.001257431 0.000005632 0.999993742
1745010384104694016.000000 -0.000190408 -0.007590386 0.223051623 -0.003427643 0.001103165 0.000120846 0.999993563
1745010384206206208.000000 -0.000351013 -0.007484532 0.231976330 -0.003058752 0.001267830 0.000279681 0.999994516
1745010384297064192.000000 0.000007533 -0.007738658 0.240937412 -0.003172438 0.001040072 0.000081310 0.999994516
1745010384399595008.000000 0.000472679 -0.008214215 0.249849051 -0.003212440 0.000606314 0.000484478 0.999994576
1745010384500807936.000000 -0.000180650 -0.008680982 0.263056785 -0.003083277 0.000975173 0.000643546 0.999994576
1745010384602500096.000000 -0.000263741 -0.008880226 0.272397012 -0.003071854 0.000743457 0.000128911 0.999994993
1745010384703696896.000000 -0.000596003 -0.009208069 0.281524122 -0.003679210 0.000441379 0.000126642 0.999993205
1745010384805635328.000000 -0.000401586 -0.009555234 0.295008510 -0.003703620 0.000172156 -0.000233050 0.999993145
1745010384899667968.000000 -0.000522173 -0.010203744 0.304091305 -0.003807954 -0.000180065 -0.000482984 0.999992609
1745010385002053376.000000 -0.000207198 -0.010769248 0.313030243 -0.003988428 -0.000363292 -0.000660064 0.999991834
1745010385104030976.000000 -0.000488052 -0.011247934 0.326233745 -0.004462482 -0.000118125 0.000349027 0.999989986
1745010385205092096.000000 -0.000552247 -0.011146330 0.335303426 -0.003945630 -0.000466242 0.000347463 0.999992073
1745010385307414016.000000 -0.000855793 -0.011936674 0.344146103 -0.004566189 -0.000305983 0.000591607 0.999989331
1745010385398931968.000000 -0.000735597 -0.011971952 0.353134781 -0.004815851 -0.000680116 0.000750710 0.999987900
1745010385503588096.000000 -0.000713013 -0.012123222 0.367292672 -0.004552645 -0.001703853 0.001225672 0.999987483
1745010385605371904.000000 -0.000968533 -0.012727952 0.376616985 -0.005092392 -0.001879927 0.001075209 0.999984741
1745010385699648256.000000 -0.000523831 -0.013426217 0.385682762 -0.005650721 -0.002820952 0.000935704 0.999979615
1745010385802014976.000000 -0.001276928 -0.013751103 0.399384916 -0.005699079 -0.002312709 0.001634777 0.999979734
1745010385903377920.000000 -0.001039343 -0.014837242 0.408784807 -0.006403651 -0.002772913 0.001513453 0.999974549
1745010386005139968.000000 -0.000823866 -0.014846723 0.418013722 -0.006359528 -0.003238547 0.001523932 0.999973416
1745010386106416896.000000 -0.000901756 -0.015424954 0.427280396 -0.006499664 -0.003551957 0.002053137 0.999970496
1745010386207518208.000000 -0.000780639 -0.015945163 0.441225827 -0.006108421 -0.004552693 0.001947554 0.999969065
1745010386298633984.000000 -0.000556531 -0.015665548 0.450149924 -0.005121007 -0.005703918 0.002411353 0.999967694
1745010386400233984.000000 -0.000757417 -0.016258642 0.459191978 -0.005503317 -0.006643819 0.001851868 0.999961078
1745010386501421312.000000 -0.001207388 -0.016181748 0.472697526 -0.004863463 -0.006689687 0.001785731 0.999964237
1745010386603058176.000000 -0.000835340 -0.017841361 0.481983155 -0.006711234 -0.006812121 0.001921862 0.999952435
1745010386705730304.000000 -0.000427036 -0.018167673 0.491169423 -0.006709716 -0.007794110 0.001733716 0.999945641
1745010386806783232.000000 0.000062904 -0.020451495 0.504477024 -0.009822503 -0.008884265 0.002080388 0.999910176
1745010386908022272.000000 -0.000387730 -0.020637713 0.513447940 -0.009704039 -0.009234360 0.002400136 0.999907374
1745010386999200000.000000 -0.000508146 -0.020641513 0.522273898 -0.009662463 -0.009656714 0.002343389 0.999903977
1745010387100434176.000000 0.001513784 -0.020998728 0.531364739 -0.009939436 -0.014199282 0.002510726 0.999846637
1745010387201936128.000000 0.000899516 -0.021039583 0.544142902 -0.009385376 -0.015111253 0.002213300 0.999839365
1745010387303894016.000000 0.000941995 -0.021702150 0.552415609 -0.010477048 -0.016335486 0.002378409 0.999808848
1745010387405114112.000000 -0.001404976 -0.022872053 0.557778955 -0.010711310 -0.023732496 0.002945160 0.999656677
1745010387506204160.000000 0.000569024 -0.022210663 0.559915662 -0.010929247 -0.037881531 0.001814743 0.999220848
1745010387609367040.000000 0.001554299 -0.022109514 0.560132444 -0.010564791 -0.046546079 0.001658715 0.998858988
1745010387710700032.000000 0.002850408 -0.022082146 0.560921431 -0.010445804 -0.058138646 0.001777566 0.998252273
1745010387812939264.000000 -0.000919151 -0.020069508 0.559942901 -0.007066198 -0.060173035 0.000996860 0.998162448
1745010387904640256.000000 -0.000237483 -0.019465525 0.560307622 -0.005780345 -0.073624633 0.000479513 0.997269213
1745010388007575040.000000 -0.003482137 -0.018572381 0.558861375 -0.004201769 -0.076853819 0.000687697 0.997033298
1745010388109314304.000000 -0.003674201 -0.018279571 0.559058666 -0.003887617 -0.084946819 0.000439997 0.996377885
1745010388201044992.000000 -0.004279383 -0.018382546 0.559193552 -0.004029137 -0.097811162 -0.000421231 0.995196819
1745010388302817024.000000 -0.002996263 -0.018704735 0.559209347 -0.004841634 -0.108610265 -0.000684373 0.994072437
1745010388405029888.000000 -0.003411609 -0.018899417 0.559237182 -0.005263781 -0.117300212 -0.001381076 0.993081689
1745010388506354944.000000 -0.003207334 -0.018628936 0.559070885 -0.004762655 -0.129008532 -0.002121406 0.991629839
1745010388608311296.000000 -0.003410055 -0.018409852 0.558728933 -0.004417238 -0.137970731 -0.002596893 0.990423083
1745010388710055168.000000 -0.003202444 -0.017616030 0.559063435 -0.003072475 -0.146122023 -0.002419121 0.989258826
1745010388811116288.000000 -0.004055780 -0.018232403 0.558677435 -0.004249459 -0.151640058 -0.002801603 0.988422692
1745010388902611968.000000 -0.004589777 -0.017818958 0.558577299 -0.003581532 -0.164017543 -0.003251395 0.986445546
1745010389004296960.000000 -0.004761586 -0.017836628 0.558842659 -0.003705437 -0.171868339 -0.003495202 0.985106826
1745010389106285056.000000 -0.005046424 -0.015259163 0.558976531 0.000684449 -0.179229647 -0.004857615 0.983795106
1745010389210755072.000000 -0.006061503 -0.014076691 0.559472740 0.003086462 -0.189829320 -0.005715687 0.981795669
1745010389302146304.000000 -0.006235609 -0.014020354 0.559360802 0.003159025 -0.197247624 -0.005434342 0.980333567
1745010389403862272.000000 -0.005313859 -0.014639877 0.559761405 0.002134521 -0.206676677 -0.006186191 0.978387415
1745010389505330944.000000 -0.005439486 -0.014717000 0.560284197 0.002411893 -0.215259016 -0.007183051 0.976527631
1745010389606654208.000000 -0.005433233 -0.014605348 0.559920847 0.002868553 -0.227683932 -0.008309893 0.973695457
1745010389708250880.000000 -0.005867718 -0.015146646 0.554895580 0.002649110 -0.232489809 -0.011478297 0.972527504
1745010389809670912.000000 -0.005793391 -0.015137604 0.554853916 0.002959234 -0.240515068 -0.011798963 0.970569193
1745010389910873088.000000 -0.006021427 -0.015313154 0.555828035 0.002910235 -0.254005909 -0.013447763 0.967104793
1745010390001941248.000000 -0.006974729 -0.015321298 0.556252360 0.003016305 -0.261624277 -0.013601899 0.965069294
1745010390103240960.000000 -0.007163148 -0.015007774 0.556891918 0.003817627 -0.270457596 -0.013454909 0.962630332
1745010390206268928.000000 -0.007587586 -0.014482727 0.558518171 0.004447323 -0.284909993 -0.011911413 0.958469987
1745010390308716032.000000 -0.008570231 -0.014588038 0.558768094 0.004650869 -0.292785764 -0.014422966 0.956058025
1745010390410727936.000000 -0.009965621 -0.014259013 0.560594380 0.005122080 -0.300945550 -0.013453160 0.953532696
1745010390502321920.000000 -0.012774594 -0.013349336 0.561820745 0.005687463 -0.311789542 -0.013169884 0.950042903
1745010390604332288.000000 -0.022405837 -0.012849057 0.572394967 0.008219359 -0.328870982 -0.015149778 0.944217563
1745010390705632256.000000 -0.029182993 -0.012086704 0.579271734 0.009508389 -0.337084204 -0.016879413 0.941275179
1745010390808892928.000000 -0.036006778 -0.011775175 0.585733771 0.010524443 -0.345335364 -0.018385246 0.938240230
1745010390910403328.000000 -0.046682358 -0.011090845 0.595958292 0.013248582 -0.358774155 -0.021242758 0.933088601
1745010391012921088.000000 -0.053767350 -0.010580501 0.602285862 0.014524214 -0.367417157 -0.023358317 0.929649472
1745010391114201344.000000 -0.060496148 -0.010110847 0.608032405 0.016290825 -0.376113653 -0.025682388 0.926074266
1745010391205614080.000000 -0.072422110 -0.012054845 0.617470980 0.013883679 -0.389548242 -0.024791168 0.920567691
1745010391309148160.000000 -0.080024764 -0.011489315 0.623570144 0.015819963 -0.398203760 -0.027049951 0.916761577
1745010391410995968.000000 -0.087519847 -0.012211319 0.627592325 0.014877689 -0.405911833 -0.026820773 0.913397491
1745010391512436992.000000 -0.095253676 -0.012473257 0.632481039 0.015116077 -0.414333791 -0.027820161 0.909574151
1745010391614150144.000000 -0.107688308 -0.012846036 0.640729547 0.014999922 -0.426827073 -0.028630262 0.903755486
1745010391705889280.000000 -0.116314396 -0.012940542 0.646823168 0.015753089 -0.435154170 -0.029752417 0.899726391
1745010391808205056.000000 -0.125646085 -0.013421733 0.653408229 0.015347969 -0.443477333 -0.030197373 0.895645320
1745010391909596928.000000 -0.134559959 -0.010917030 0.668028712 0.015653079 -0.459547669 -0.029573983 0.887522638
1745010392011322368.000000 -0.134737194 -0.009342836 0.667299747 0.017337838 -0.466722459 -0.030281117 0.883715272
1745010392113093120.000000 -0.154620185 -0.010471751 0.674204230 0.016734283 -0.473359883 -0.029846990 0.880204260
1745010392214857984.000000 -0.157871678 -0.010470361 0.675212979 0.017312281 -0.479753643 -0.029156718 0.876747787
1745010392305971200.000000 -0.177493796 -0.008551193 0.681907177 0.018240990 -0.490003794 -0.029241683 0.871038735
1745010392409802240.000000 -0.185772896 -0.005237801 0.689700246 0.021714104 -0.497704357 -0.030299556 0.866545320
1745010392511090944.000000 -0.197274551 -0.008161784 0.692538619 0.018727252 -0.502165496 -0.026877869 0.864150882
1745010392612681216.000000 -0.212231100 -0.008798307 0.696375787 0.018349320 -0.516070247 -0.028110625 0.855888247
1745010392714765056.000000 -0.222082987 -0.008683153 0.699014068 0.018560428 -0.523559690 -0.028369000 0.851314247
1745010392805955072.000000 -0.232623994 -0.007319082 0.703754663 0.019614566 -0.531612694 -0.028254332 0.846288919
1745010392919833088.000000 -0.247955143 -0.005531344 0.707634747 0.021432851 -0.543030262 -0.028761519 0.838946760
1745010393011576064.000000 -0.257706046 -0.004224170 0.711622953 0.023236701 -0.551448882 -0.029199230 0.833373606
1745010393115047936.000000 -0.270544440 -0.004776619 0.714333415 0.023244776 -0.558625102 -0.030198680 0.828544378
1745010393216521984.000000 -0.282089114 -0.003962098 0.719039023 0.024217410 -0.566951036 -0.030756470 0.822820842
1745010393319033088.000000 -0.300738811 -0.002178784 0.723891139 0.026060924 -0.578504920 -0.030712435 0.814683735
1745010393420856320.000000 -0.313965648 -0.001220190 0.724841833 0.026458081 -0.585034430 -0.030816786 0.809990823
1745010393512267008.000000 -0.327360779 -0.001419933 0.728559732 0.026387386 -0.593160331 -0.031210877 0.804046392
1745010393613811968.000000 -0.347449780 0.000927318 0.732601345 0.029324664 -0.604327321 -0.031919386 0.795556307
1745010393717154304.000000 -0.359767318 0.000963587 0.735750794 0.029486423 -0.612232983 -0.032439627 0.789461195
1745010393808358912.000000 -0.372750700 0.006539175 0.730749369 0.033699494 -0.616118133 -0.033174898 0.786232889
1745010393910090240.000000 -0.386058480 0.009970685 0.732806206 0.036821153 -0.623496950 -0.034505840 0.780195594
1745010394011269376.000000 -0.404636115 0.007839894 0.736885428 0.034226265 -0.633256376 -0.035053261 0.772390008
1745010394112657920.000000 -0.418908298 0.008786194 0.740196943 0.035602320 -0.638049543 -0.035339765 0.768359542
1745010394214058240.000000 -0.428041458 0.012817685 0.738726199 0.038249779 -0.640510142 -0.034245774 0.766231656
1745010394315977216.000000 -0.444964379 0.016178476 0.736155987 0.041665804 -0.643278956 -0.035042625 0.763693810
1745010394417274112.000000 -0.459190905 0.020115389 0.735672116 0.044049744 -0.644102693 -0.034699734 0.762880981
1745010394510440192.000000 -0.473675013 0.018044811 0.740010262 0.042149462 -0.646857321 -0.035111673 0.760635436
1745010394611733248.000000 -0.492496639 0.020850029 0.738503039 0.044978917 -0.647090912 -0.034713142 0.760292947
1745010394715074048.000000 -0.497744709 0.019932367 0.741567791 0.045259133 -0.649318457 -0.034974769 0.758362651
1745010394816367104.000000 -0.511630893 0.020338522 0.742404997 0.046495821 -0.650089443 -0.035121642 0.757620215
1745010394917915136.000000 -0.524396062 0.022658849 0.743489444 0.049262960 -0.650667906 -0.034856927 0.756960750
1745010395009229056.000000 -0.539725959 0.021447210 0.748118639 0.049333535 -0.653436124 -0.034657244 0.754576981
1745010395111216896.000000 -0.551347971 0.021496743 0.748926461 0.049811568 -0.654088080 -0.034307294 0.753996491
1745010395212381952.000000 -0.564537644 0.019914888 0.749514401 0.048749864 -0.654807270 -0.034565471 0.753429592
1745010395314539264.000000 -0.581707835 0.020740710 0.753350556 0.050675482 -0.658037424 -0.033794630 0.750517666
1745010395416290048.000000 -0.595298767 0.019070294 0.754270136 0.049817480 -0.658105612 -0.033785760 0.750515640
1745010395517659904.000000 -0.609101236 0.018722959 0.755345702 0.049682807 -0.658659101 -0.034174457 0.750021338
1745010395609466368.000000 -0.616975188 0.018428702 0.757343650 0.050049875 -0.659801245 -0.034342270 0.748984575
1745010395711993344.000000 -0.637251139 0.016860168 0.758844733 0.049804401 -0.659890294 -0.035155881 0.748884737
1745010395813725952.000000 -0.646218419 0.015794119 0.761193573 0.049140863 -0.660686374 -0.035064261 0.748230755
1745010395915746304.000000 -0.657781720 0.016262693 0.762877524 0.050359644 -0.661700904 -0.034572098 0.747275531
1745010396018046976.000000 -0.678260326 0.015024547 0.765085697 0.050982051 -0.662535131 -0.034465428 0.746498704
1745010396109447936.000000 -0.691264927 0.013108512 0.765156150 0.049985353 -0.663005829 -0.035134844 0.746116877
1745010396210614272.000000 -0.700640976 0.013133261 0.764777839 0.051019616 -0.661660492 -0.035402618 0.747227728
1745010396313999872.000000 -0.699188352 0.013290079 0.768357873 0.050829209 -0.653620243 -0.033855855 0.754354537
1745010396417510912.000000 -0.698702335 0.013355223 0.768034279 0.051694438 -0.645327985 -0.033089489 0.761435926
1745010396508928000.000000 -0.699863553 0.011702647 0.766998768 0.050364088 -0.637539685 -0.033435073 0.768042147
1745010396611421184.000000 -0.699433923 0.011707839 0.766833425 0.050326146 -0.629773259 -0.032410454 0.774469256
1745010396712913920.000000 -0.697992086 0.011934832 0.766322374 0.050800379 -0.618228555 -0.030478969 0.783762634
1745010396814668288.000000 -0.697210312 0.011954260 0.765906572 0.050397802 -0.610666633 -0.028803425 0.789757431
1745010396916034304.000000 -0.696535468 0.011932256 0.765699029 0.050426796 -0.602939606 -0.027907198 0.795702398
1745010397018106112.000000 -0.695581317 0.011938078 0.765150726 0.049980626 -0.590985775 -0.025376972 0.804732203
1745010397119218944.000000 -0.695955992 0.012061468 0.761751890 0.049876202 -0.580915868 -0.025110388 0.812045932
1745010397210779904.000000 -0.695580482 0.012069635 0.761524796 0.049515773 -0.572641909 -0.023539441 0.817970276
1745010397322601984.000000 -0.695536375 0.012242572 0.760375738 0.049254261 -0.564310312 -0.022635080 0.823781312
1745010397415028992.000000 -0.695186496 0.012254273 0.760249138 0.048937310 -0.553090632 -0.021260304 0.831410825
1745010397516009984.000000 -0.694562912 0.012313935 0.759760261 0.048782658 -0.545051157 -0.020059695 0.836742043
1745010397617284352.000000 -0.694309771 0.012276369 0.759575486 0.048384380 -0.536772549 -0.018816229 0.842128396
1745010397718995200.000000 -0.694082797 0.012606407 0.755360425 0.048581697 -0.521232486 -0.018322326 0.851833880
1745010397820175872.000000 -0.693857253 0.012614576 0.755156517 0.048584651 -0.512138009 -0.017707232 0.857345104
1745010397912898048.000000 -0.693602562 0.012571336 0.755028725 0.047589522 -0.504128933 -0.015873890 0.862170160
1745010398014739968.000000 -0.693782806 0.012569161 0.755238175 0.046932857 -0.490440667 -0.014142167 0.870095074
1745010398116327168.000000 -0.692896426 0.012756987 0.753701091 0.046902202 -0.481403947 -0.013133300 0.875144541
1745010398217334016.000000 -0.692400992 0.012715183 0.753392220 0.046986431 -0.473146111 -0.012433367 0.879642308
1745010398321000960.000000 -0.692289650 0.012775364 0.753265321 0.046806011 -0.465505928 -0.010700013 0.883741438
1745010398412325120.000000 -0.692156851 0.012765180 0.753142059 0.046525713 -0.453090787 -0.008536737 0.890208602
1745010398513732096.000000 -0.692117989 0.012784583 0.753125429 0.046304695 -0.444026887 -0.007866838 0.894781649
1745010398615632896.000000 -0.692262650 0.012720367 0.753249049 0.045848724 -0.435802460 -0.006047387 0.898853481
1745010398727986176.000000 -0.691942871 0.012835145 0.752790928 0.044931378 -0.421956301 -0.004394446 0.905491471
1745010398819890944.000000 -0.691411614 0.012781658 0.752456188 0.043738104 -0.413224488 -0.002606772 0.909574509
1745010398921167104.000000 -0.691645026 0.012700438 0.752802849 0.043247968 -0.405196577 -0.001302252 0.913205206
1745010399012125952.000000 -0.691702068 0.012694636 0.752845645 0.043058824 -0.396893114 -0.000427517 0.916854203
1745010399113469184.000000 -0.692844152 0.012442920 0.753964424 0.040915933 -0.384556711 0.004426132 0.922183514
1745010399214832384.000000 -0.693039298 0.012419680 0.754138947 0.040041946 -0.375677109 0.006202772 0.925864458
1745010399316477952.000000 -0.693395674 0.012506707 0.754161119 0.040302593 -0.366630554 0.007094604 0.929466188
1745010399418532096.000000 -0.693601429 0.012507608 0.754335642 0.039371688 -0.353148252 0.009775949 0.934687495
1745010399520327936.000000 -0.694065034 0.012481689 0.754733384 0.039475597 -0.344601065 0.010346324 0.937861800
1745010399621752320.000000 -0.694416523 0.012422916 0.755049229 0.039234649 -0.335018218 0.011394599 0.941325486
1745010399723339008.000000 -0.694659710 0.012498135 0.755203664 0.038685963 -0.321079195 0.013323226 0.946168125
1745010399814596096.000000 -0.694476426 0.012414073 0.755292535 0.038257074 -0.312624156 0.014350475 0.948997736
1745010399915983872.000000 -0.694561124 0.012489051 0.755165339 0.039389081 -0.302695960 0.014333585 0.952165008
1745010400018473984.000000 -0.695598543 0.012395330 0.756192327 0.038677998 -0.292408973 0.014445765 0.955401659
1745010400120200192.000000 -0.698858380 0.010955034 0.766740680 0.038855758 -0.271502793 0.017682569 0.961490393
1745010400222426112.000000 -0.706363320 0.010556211 0.776249588 0.038794741 -0.258618087 0.019115901 0.965011001
1745010400314467072.000000 -0.706752598 0.009131683 0.783835113 0.037718676 -0.250723094 0.018799970 0.967141032
1745010400417091072.000000 -0.711082041 0.007631582 0.795799613 0.037412483 -0.235183030 0.020099523 0.971022844
1745010400518460928.000000 -0.709965706 0.004514842 0.806299925 0.034773339 -0.229664102 0.018924151 0.972464442
1745010400619881984.000000 -0.717285573 0.005850419 0.813812613 0.036476921 -0.214823082 0.021554098 0.975733519
1745010400721414144.000000 -0.724662423 0.004224021 0.823883951 0.036246795 -0.200941935 0.022840612 0.978665888
1745010400822927872.000000 -0.722179413 0.005385021 0.834048212 0.037582148 -0.191188410 0.026557915 0.980473995
1745010400924147200.000000 -0.724232197 0.004888592 0.843254864 0.037744798 -0.180979446 0.027923331 0.982365608
1745010401015013120.000000 -0.726589322 0.004168035 0.852694452 0.038653668 -0.170557961 0.030168884 0.984126925
1745010401116251904.000000 -0.729166329 0.002920463 0.867163301 0.038554084 -0.155897811 0.032142617 0.986496985
1745010401218814976.000000 -0.730130136 0.002770307 0.876362145 0.038646549 -0.146006390 0.034095619 0.987940371
1745010401320929024.000000 -0.731823444 0.003692627 0.887317657 0.039752070 -0.135665074 0.037770767 0.989236176
1745010401424099328.000000 -0.733178496 0.001293789 0.901746273 0.038397323 -0.120645203 0.037905097 0.991228342
1745010401516141056.000000 -0.734302998 0.000155044 0.914111674 0.037797671 -0.111366875 0.039648447 0.992268562
1745010401618195968.000000 -0.735521913 -0.000656664 0.924577594 0.037971526 -0.100901313 0.040502716 0.993346155
1745010401719697920.000000 -0.736406565 -0.001763664 0.935956419 0.037795052 -0.091656879 0.040669784 0.994241714
1745010401821647872.000000 -0.736898482 -0.002705876 0.952574253 0.038202927 -0.076685935 0.042266499 0.995426238
1745010401923008256.000000 -0.736899614 -0.003495877 0.964163482 0.038107395 -0.066725157 0.042794965 0.996124625
1745010402024477952.000000 -0.738114536 -0.005589364 0.977879465 0.037657604 -0.056394920 0.042582374 0.996788979
1745010402125696256.000000 -0.737889290 -0.005548916 0.994227886 0.037531924 -0.041191272 0.046544172 0.997360647
1745010402216880384.000000 -0.737184942 -0.005981473 1.007193089 0.037905134 -0.031275492 0.046021380 0.997730970
1745010402319981056.000000 -0.736042857 -0.008165676 1.024685383 0.037369624 -0.021194903 0.046222016 0.998006940
1745010402421734144.000000 -0.733920336 -0.008942232 1.037523866 0.037220035 -0.011586280 0.046913549 0.998138130
1745010402523144960.000000 -0.736459315 -0.008404244 1.062350750 0.038530972 0.005184514 0.049902853 0.997997105
1745010402624398336.000000 -0.737013578 -0.008969667 1.077177763 0.038698208 0.016488254 0.051338311 0.997795045
1745010402715510016.000000 -0.733039379 -0.007975094 1.090913415 0.039280102 0.025632061 0.052057978 0.997542024
1745010402817594880.000000 -0.734734178 -0.011239245 1.113562107 0.037917402 0.043271869 0.052769858 0.996948004
1745010402919558912.000000 -0.736523211 -0.012165975 1.134334207 0.038489673 0.055369463 0.054268498 0.996246815
1745010403021278976.000000 -0.732472241 -0.013715112 1.147220373 0.037784759 0.065225378 0.054669432 0.995655179
1745010403122511104.000000 -0.714522302 -0.004950041 1.161760688 0.042236757 0.073618881 0.056939863 0.994763374
1745010403224265216.000000 -0.705100894 -0.001653921 1.171562910 0.043638412 0.078244016 0.058077313 0.994283974
1745010403325468160.000000 -0.706424177 -0.002114859 1.193281174 0.044614680 0.087740511 0.058666222 0.993413031
1745010403417392128.000000 -0.705494940 -0.003930208 1.211470246 0.044744324 0.095124200 0.059613220 0.992670953
1745010403519474944.000000 -0.700153112 -0.006065521 1.236974239 0.044875011 0.101601548 0.060053848 0.991996467
1745010403623461120.000000 -0.691462755 -0.006835398 1.251413584 0.045078706 0.102877833 0.060046762 0.991856039
1745010403725061120.000000 -0.683474004 -0.007643787 1.266045570 0.045714445 0.103153914 0.060210966 0.991788328
1745010403826400000.000000 -0.669252932 -0.008594579 1.291828990 0.046443708 0.102509238 0.059958018 0.991836667
1745010403931164928.000000 -0.664069831 -0.006847596 1.309218287 0.048619803 0.103739075 0.060029548 0.991600096
1745010404022420224.000000 -0.658952773 -0.010258200 1.326730251 0.047811799 0.104184963 0.059314668 0.991635680
1745010404124499968.000000 -0.654475093 -0.011837425 1.355613470 0.049221635 0.107506119 0.059345812 0.991210282
1745010404225872128.000000 -0.651559114 -0.016601482 1.374436259 0.048074447 0.109235637 0.059053760 0.991094947
1745010404327038976.000000 -0.647850871 -0.014741656 1.394748688 0.050863430 0.111206681 0.059122439 0.990732312
1745010404418349312.000000 -0.638162732 -0.015444417 1.410045981 0.051348735 0.108283766 0.058816653 0.991049230
1745010404519504896.000000 -0.628189683 -0.019002661 1.436192393 0.051174022 0.106118657 0.058759667 0.991295815
1745010404621889024.000000 -0.620875061 -0.019637393 1.453315377 0.051738400 0.103571922 0.057741538 0.991595626
1745010404723898880.000000 -0.612652898 -0.022464111 1.469660640 0.051454138 0.100918971 0.057632472 0.991890311
1745010404826060032.000000 -0.604768217 -0.023182161 1.496490479 0.052818447 0.099553518 0.057304289 0.991975605
1745010404919422976.000000 -0.603114009 -0.030058697 1.514781833 0.049727932 0.100004554 0.057229958 0.992094219
1745010405023683072.000000 -0.589763999 -0.025714155 1.532019973 0.054168329 0.092270926 0.056035221 0.992679179
1745010405125697024.000000 -0.586723685 -0.029537514 1.551024079 0.053896394 0.091698729 0.055863049 0.992756724
1745010405226806272.000000 -0.594240665 -0.039866168 1.582208872 0.049262021 0.100432888 0.056151908 0.992135823
1745010405327799040.000000 -0.584830284 -0.041308753 1.599287629 0.050140839 0.095302045 0.055273335 0.992647171
1745010405422526976.000000 -0.566792011 -0.031807281 1.613342881 0.059193570 0.081559852 0.054473191 0.993416727
1745010405523717120.000000 -0.569939375 -0.035316814 1.627754211 0.058641080 0.102436870 0.056936648 0.991375864
1745010405626149120.000000 -0.577048063 -0.049719132 1.626799226 0.044523802 0.113782406 0.057035327 0.990867436
1745010405727961344.000000 -0.577430308 -0.049143236 1.627632022 0.044921704 0.125620499 0.057926249 0.989366591
1745010405819215360.000000 -0.578945160 -0.051948782 1.628159046 0.041795108 0.142954275 0.059587836 0.987049401
1745010405920510976.000000 -0.579108357 -0.052034359 1.627661586 0.040974230 0.153670058 0.060858604 0.985394776
1745010406021994240.000000 -0.579237878 -0.051911075 1.627473712 0.040778890 0.163292438 0.061417870 0.983819366
1745010406123194112.000000 -0.579456210 -0.051728003 1.627255917 0.040539261 0.174441427 0.063277394 0.981795669
1745010406224686080.000000 -0.579870462 -0.051637780 1.626747489 0.040026184 0.190506011 0.065131441 0.978704929
1745010406327104000.000000 -0.580413580 -0.051630020 1.625585318 0.039748598 0.201179117 0.066742100 0.976469457
1745010406420208896.000000 -0.580462933 -0.051645156 1.625549555 0.039540831 0.211541459 0.068244904 0.974181414
1745010406523326208.000000 -0.580542922 -0.051626336 1.625317574 0.038846385 0.226175487 0.070765071 0.970735788
1745010406625137152.000000 -0.580647588 -0.051652737 1.625131726 0.038141485 0.235350728 0.071421802 0.968532026
1745010406727041280.000000 -0.580907464 -0.051730432 1.624663591 0.037715219 0.244680226 0.073036328 0.966113329
1745010406829224960.000000 -0.580797672 -0.051717024 1.624749184 0.037129238 0.254287809 0.074136838 0.963567853
1745010406942057216.000000 -0.581059813 -0.051760722 1.624456406 0.035986204 0.267708004 0.075142369 0.959891200
1745010407024484096.000000 -0.580967903 -0.051741838 1.624557853 0.035424035 0.277740508 0.076165788 0.956976593
1745010407125719040.000000 -0.581426978 -0.051788114 1.624033689 0.034725554 0.287212104 0.077527441 0.954092681
1745010407228302336.000000 -0.581593275 -0.051823467 1.623882771 0.033897582 0.302826375 0.079382978 0.949128866
1745010407329594112.000000 -0.581245959 -0.051846862 1.624208212 0.033392251 0.312921911 0.081628367 0.945675254
1745010407421263104.000000 -0.581115842 -0.051805962 1.624398589 0.032658838 0.322429806 0.081797510 0.942486942
1745010407523880960.000000 -0.581879795 -0.051980555 1.624036431 0.030363301 0.337888002 0.083382748 0.936993659
1745010407626381056.000000 -0.580829620 -0.051986620 1.625049949 0.029659478 0.353529513 0.086721212 0.930922508
1745010407727699968.000000 -0.573946357 -0.051255465 1.634178877 0.029593505 0.367611259 0.085240193 0.925591886
1745010407828837120.000000 -0.568386853 -0.051299259 1.640075445 0.029200241 0.379009157 0.085759543 0.920947731
1745010407930069248.000000 -0.560380101 -0.050759777 1.646143198 0.030358203 0.393018097 0.088303216 0.914777398
1745010408031561984.000000 -0.556085050 -0.050398447 1.652318239 0.031473808 0.406539619 0.088615447 0.908780634
1745010408122694912.000000 -0.549016476 -0.050498735 1.654586673 0.030488230 0.411322087 0.091261603 0.906397223
1745010408225764352.000000 -0.539861977 -0.050538234 1.660805225 0.029752564 0.425449163 0.092443123 0.899756670
1745010408328662272.000000 -0.533541858 -0.050162081 1.664952159 0.029925972 0.434445381 0.094283603 0.895249844
1745010408430863104.000000 -0.527319312 -0.049755774 1.668736815 0.030150741 0.443802536 0.096007921 0.890456498
1745010408532606976.000000 -0.520501673 -0.049488459 1.672919512 0.030011460 0.452867836 0.098135538 0.885652006
1745010408623808256.000000 -0.511169016 -0.048967324 1.678378582 0.031763256 0.466412008 0.101252936 0.878179312
1745010408726514944.000000 -0.504566610 -0.048500016 1.681532741 0.031103363 0.474431366 0.102657802 0.873732746
1745010408838454016.000000 -0.496327281 -0.048329033 1.685791254 0.029686335 0.483389795 0.102886103 0.868831098
1745010408930143232.000000 -0.485407293 -0.047867209 1.691055894 0.028860476 0.496358246 0.104189530 0.861359477
1745010409031411200.000000 -0.477720261 -0.047545847 1.694505095 0.028277868 0.505005002 0.104797728 0.856263816
1745010409132689920.000000 -0.470557213 -0.046988957 1.697342515 0.026577920 0.513947129 0.106694631 0.850745678
1745010409234742272.000000 -0.459752500 -0.046599634 1.701287270 0.026927983 0.526176095 0.105847575 0.843332708
1745010409346651136.000000 -0.452373266 -0.045977548 1.703519940 0.025826899 0.534413218 0.105460361 0.838220537
1745010409429139200.000000 -0.444751859 -0.045359444 1.706570506 0.025389684 0.543180466 0.106886789 0.832397521
1745010409530968064.000000 -0.435763478 -0.045098878 1.709670305 0.023554577 0.550820470 0.106463857 0.827470481
1745010409632459264.000000 -0.422997236 -0.043883547 1.711878061 0.022596609 0.562633097 0.106146313 0.819552541
1745010409724285952.000000 -0.414457440 -0.043189488 1.714604259 0.022126904 0.571417570 0.106571808 0.813409388
1745010409826877184.000000 -0.405194521 -0.042361952 1.716110826 0.021731367 0.579149961 0.106752262 0.807909071
1745010409928122880.000000 -0.390870333 -0.041128632 1.719263673 0.020304011 0.590874135 0.107237689 0.799346983
1745010410029189120.000000 -0.381776333 -0.040583838 1.721288562 0.018964531 0.599112213 0.107846357 0.793141961
1745010410130604032.000000 -0.371655822 -0.038968667 1.721848607 0.018130960 0.606382787 0.107573450 0.787654221
1745010410231684096.000000 -0.356460690 -0.037508845 1.724096417 0.017376242 0.618783116 0.107780397 0.777938902
1745010410332806144.000000 -0.346453190 -0.036166746 1.725634813 0.016864004 0.627072990 0.107471898 0.771326661
1745010410423987200.000000 -0.335432291 -0.035252802 1.724799752 0.015633332 0.633429646 0.108232476 0.766034126
1745010410525122048.000000 -0.325328946 -0.034198772 1.725225329 0.014485002 0.638740659 0.108282194 0.761626899
1745010410626793216.000000 -0.306679130 -0.032271847 1.727163792 0.013389739 0.645546138 0.107901163 0.755942047
1745010410728431104.000000 -0.294254065 -0.030821353 1.728051662 0.012587452 0.649270236 0.107796766 0.752774656
1745010410830207232.000000 -0.286532640 -0.029594008 1.729406595 0.012029477 0.653122842 0.107038394 0.749552369
1745010410931670272.000000 -0.257791877 -0.027046930 1.732659459 0.011640015 0.655788004 0.108603783 0.747001886
1745010411033574144.000000 -0.245876193 -0.026133053 1.733509779 0.011536036 0.657459497 0.108822323 0.745500982
1745010411124711936.000000 -0.233330369 -0.024796924 1.735869169 0.011874742 0.659180880 0.109290421 0.743905425
1745010411226345984.000000 -0.210884452 -0.022451434 1.736649275 0.011377916 0.660165608 0.109830812 0.742959678
1745010411327576064.000000 -0.192953110 -0.020245153 1.738553882 0.010709476 0.660883844 0.109622061 0.742361724
1745010411429618176.000000 -0.171572804 -0.018280849 1.740969300 0.010227209 0.661227643 0.110036507 0.742000937
1745010411533192192.000000 -0.155218482 -0.016398521 1.742460966 0.010261679 0.661610723 0.110196196 0.741635203
1745010411634952960.000000 -0.134904742 -0.015546673 1.745281100 0.010545604 0.662338197 0.110431455 0.740946591
1745010411736090112.000000 -0.121499658 -0.014130729 1.746652484 0.010856942 0.662969589 0.110366695 0.740386844
1745010411827249152.000000 -0.097815275 -0.011713214 1.748959899 0.012068378 0.663221836 0.110861085 0.740068197
1745010411939302912.000000 -0.077819943 -0.009964227 1.751305819 0.011871957 0.662811875 0.110877410 0.740436137
1745010412031283968.000000 -0.064092875 -0.009364349 1.753284097 0.012832134 0.664345503 0.112392962 0.738815486
1745010412132564992.000000 -0.041403413 -0.006616452 1.755969882 0.013411634 0.662689090 0.112602249 0.740259409
1745010412233680128.000000 -0.027773976 -0.004718347 1.757947326 0.013430319 0.662320197 0.111902483 0.740695238
1745010412334738944.000000 -0.000879169 -0.002980400 1.761102676 0.013705364 0.661863208 0.112482913 0.741010666
1745010412437305088.000000 0.013473630 -0.001712863 1.762750626 0.013974313 0.661971271 0.112289809 0.740938485
1745010412528337920.000000 0.027834654 -0.000733409 1.764754295 0.013946444 0.661442339 0.112774789 0.741337597
1745010412630882304.000000 0.050098062 0.001589671 1.767469525 0.013858650 0.660289645 0.111971088 0.742487788
1745010412732412928.000000 0.064523458 0.003115664 1.769233704 0.013890168 0.659362972 0.111937605 0.743315279
1745010412835248896.000000 0.078574896 0.004303469 1.771875739 0.013334249 0.658944607 0.111636855 0.743741572
1745010412937413120.000000 0.111417055 0.007833429 1.775493145 0.012830165 0.658100605 0.111089431 0.744579136
1745010413039154176.000000 0.127018809 0.009108064 1.778072715 0.012140257 0.656742454 0.111251555 0.745764792
1745010413130161152.000000 0.143073916 0.011107799 1.780958414 0.011229943 0.653482080 0.113086224 0.748362601
1745010413234072320.000000 0.156465650 0.011319309 1.783687472 0.011295442 0.653375566 0.113353185 0.748414278
1745010413335421184.000000 0.181015015 0.014998840 1.786028147 0.011299005 0.653355300 0.113262296 0.748445630
1745010413437735936.000000 0.194535613 0.015118493 1.789430857 0.011592936 0.649205506 0.113817886 0.751959682
1745010413539056896.000000 0.211267471 0.016862176 1.792571306 0.012886768 0.646341801 0.113046758 0.754517555
1745010413641253120.000000 0.231884599 0.018253921 1.796864510 0.013253869 0.642447233 0.113479830 0.757765353
1745010413733429248.000000 0.247458220 0.019451531 1.800886631 0.013224644 0.640751779 0.113404259 0.759211361
1745010413835070976.000000 0.262637734 0.020696430 1.804452181 0.012777524 0.638216019 0.113638483 0.761316895
1745010413936510208.000000 0.293669343 0.023384616 1.810669780 0.012822357 0.635732293 0.114085034 0.763324738
1745010414038559232.000000 0.307268977 0.024196241 1.813586473 0.013153796 0.634422719 0.114220515 0.764387667
1745010414139707136.000000 0.324698448 0.025852751 1.817271590 0.013019750 0.633189023 0.113848776 0.765467584
1745010414240881920.000000 0.339645028 0.027171366 1.819934845 0.012827235 0.632380843 0.113435313 0.766200066
1745010414342372096.000000 0.361236811 0.028871194 1.824416161 0.013278192 0.631218910 0.113885596 0.767083108
1745010414444739072.000000 0.376082540 0.029687855 1.828195333 0.013132371 0.630585611 0.113857098 0.767610490
1745010414546510336.000000 0.392249823 0.031028133 1.831769228 0.013155721 0.630880535 0.114192732 0.767317951
1745010414638115072.000000 0.414436221 0.032814108 1.836382151 0.012910072 0.631018937 0.114056252 0.767228603
1745010414740491264.000000 0.428489029 0.034112465 1.840255618 0.013200065 0.630905449 0.114617661 0.767233312
1745010414842544384.000000 0.444150865 0.035789263 1.843484759 0.013282098 0.630036712 0.114064276 0.768027842
1745010414933792000.000000 0.462472558 0.037047494 1.847108841 0.013091585 0.629517734 0.114321485 0.768418312
1745010415035433984.000000 0.484726846 0.038616896 1.851962328 0.012832527 0.630217791 0.114436299 0.767831504
1745010415138565376.000000 0.506339610 0.040453166 1.854771137 0.013005196 0.630444586 0.113335721 0.767805636
1745010415240346112.000000 0.520867884 0.041010112 1.858256221 0.013047078 0.630963266 0.112864934 0.767448187
1745010415342159360.000000 0.545576155 0.043669004 1.861856699 0.012919467 0.630508721 0.112105928 0.767934978
1745010415443634944.000000 0.560373545 0.044214237 1.865774632 0.013039112 0.629915118 0.112152994 0.768413126
1745010415535039232.000000 0.576688647 0.045906592 1.868171692 0.012722570 0.629629016 0.112348109 0.768624365
1745010415636528896.000000 0.599404991 0.049102884 1.875997543 0.013036645 0.630891919 0.112201810 0.767604172
1745010415738680064.000000 0.614944577 0.050617125 1.876674652 0.013089477 0.630689621 0.112225577 0.767766058
1745010415839866112.000000 0.631003916 0.052713756 1.877624512 0.013505196 0.630087793 0.111938737 0.768294752
1745010415941130240.000000 0.647355258 0.053423688 1.883688807 0.013624050 0.630701780 0.111971281 0.767783940
1745010416042580224.000000 0.671892405 0.056504462 1.885167837 0.013934540 0.628298938 0.111398138 0.769829094
1745010416135258112.000000 0.686486959 0.055916499 1.891442895 0.013576519 0.628619492 0.111563481 0.769549787
1745010416237731328.000000 0.703208208 0.058368817 1.892279983 0.013257607 0.627454698 0.110791735 0.770616710
1745010416338889216.000000 0.723235071 0.059676796 1.899490595 0.013299184 0.629175007 0.110877715 0.769199610
1745010416440286208.000000 0.739510834 0.060353223 1.902341008 0.013477948 0.629254878 0.111355662 0.769062221
1745010416541400320.000000 0.756911159 0.062274724 1.905976057 0.012804439 0.628670752 0.111322440 0.769556046
1745010416643096320.000000 0.771683574 0.063186198 1.909959912 0.013147576 0.627784312 0.111398585 0.770262539
1745010416744130048.000000 0.794631362 0.065654427 1.913684845 0.013379105 0.625736356 0.111645319 0.771887481
1745010416835992064.000000 0.809991002 0.067642763 1.917115569 0.013286930 0.624750495 0.111655250 0.772685885
1745010416939006976.000000 0.825219035 0.068013355 1.921437502 0.013847245 0.624720514 0.111610770 0.772706687
1745010417040544000.000000 0.849754512 0.070515960 1.925966024 0.014322069 0.623672843 0.111331150 0.773584127
1745010417142162176.000000 0.866290927 0.070404239 1.930680037 0.014327698 0.623514354 0.111999437 0.773615420
1745010417243532288.000000 0.881239593 0.070957974 1.934481621 0.013991348 0.622997344 0.112618521 0.773948133
1745010417344683264.000000 0.903717160 0.073954388 1.939660549 0.014214224 0.621415377 0.111006469 0.775447249
1745010417446505984.000000 0.919124603 0.074311413 1.943901539 0.013922177 0.621673167 0.110275835 0.775350273
1745010417537640960.000000 0.934109747 0.075953528 1.946656942 0.014638968 0.622249484 0.109447539 0.774991930
1745010417639918080.000000 0.950234652 0.076494105 1.950828075 0.014617362 0.622808278 0.109631933 0.774517357
1745010417741757184.000000 0.974568903 0.078898072 1.955425024 0.014414147 0.622116983 0.110576496 0.774942279
1745010417843443200.000000 0.990184486 0.079621866 1.959649682 0.014137315 0.621803045 0.110712774 0.775179923
1745010417944542208.000000 1.004539251 0.080025055 1.962387085 0.014314715 0.621161282 0.110850334 0.775671303
1745010418046131200.000000 1.029669762 0.082349330 1.969075322 0.014867038 0.620714128 0.110733293 0.776035547
1745010418147487232.000000 1.043302655 0.082907602 1.971871257 0.013937422 0.620325148 0.111189239 0.776298523
1745010418238540288.000000 1.058704853 0.084634475 1.975985885 0.013456024 0.619475186 0.109912820 0.777167141
1745010418339920896.000000 1.080087781 0.086881451 1.980383515 0.012934495 0.618706763 0.108056828 0.778047860
1745010418442073088.000000 1.095507145 0.087988235 1.985710859 0.012787387 0.619119227 0.107950725 0.777736902
1745010418543920896.000000 1.111664534 0.089948528 1.987679720 0.012772739 0.617649794 0.107192069 0.779009342
1745010418649669888.000000 1.126466751 0.090276122 1.992541194 0.012181531 0.617711961 0.107391551 0.778941989
1745010418742019072.000000 1.148325920 0.090706110 1.997790098 0.012629960 0.617207825 0.107180379 0.779363453
1745010418843819264.000000 1.164872646 0.092324764 2.001146078 0.013363887 0.616526663 0.106419317 0.779994428
1745010418945584896.000000 1.179620504 0.091807313 2.005319357 0.012639629 0.617054462 0.107253186 0.779474676
1745010419049584128.000000 1.203675508 0.093334757 2.010938168 0.012958538 0.615471721 0.108019881 0.780614138
1745010419140717312.000000 1.217801452 0.092548475 2.014634609 0.011624786 0.614265680 0.109489039 0.781379998
1745010419242622208.000000 1.233885646 0.095550321 2.018149376 0.011221802 0.612114131 0.109281994 0.783101499
1745010419345295872.000000 1.247691989 0.096814245 2.023831367 0.012171425 0.612052619 0.108284943 0.783273816
1745010419446789376.000000 1.270229816 0.097655028 2.031513691 0.012573124 0.611501753 0.108112298 0.783721507
1745010419548312064.000000 1.282772541 0.098392099 2.033933640 0.012967295 0.609442651 0.108251661 0.785298049
1745010419650060288.000000 1.294796228 0.099206708 2.038113594 0.013912692 0.607137442 0.108683810 0.787006080
1745010419752922368.000000 1.299276114 0.098013282 2.039950848 0.014009333 0.595990360 0.109001204 0.795435727
1745010419856063232.000000 1.297814846 0.098796509 2.038877964 0.014987059 0.588065743 0.108398773 0.801376164
1745010419958315008.000000 1.301769018 0.100924328 2.037368536 0.016883865 0.578704417 0.107012548 0.808309674
1745010420049374976.000000 1.295922875 0.100094646 2.041236401 0.018002510 0.572418094 0.106674999 0.812793970
1745010420161632000.000000 1.299578071 0.102725647 2.039121628 0.020526521 0.562860906 0.105126962 0.819582045
1745010420252926976.000000 1.297163725 0.099255465 2.037858963 0.019548226 0.554989278 0.106697693 0.824754715
1745010420354046208.000000 1.296345234 0.100259572 2.038341999 0.022090275 0.542896986 0.106345035 0.832745850
1745010420446866944.000000 1.297011971 0.099734470 2.038082600 0.022888584 0.535426319 0.106265016 0.837557554
1745010420548818176.000000 1.289978027 0.097414769 2.044768810 0.022950772 0.533482313 0.106932022 0.838710606
1745010420651179008.000000 1.287004709 0.095354065 2.048359156 0.022771042 0.528289437 0.106957749 0.841992736
1745010420754614016.000000 1.284395218 0.094550319 2.051235437 0.024192074 0.518702567 0.107104167 0.847874522
1745010420855986176.000000 1.281081080 0.093746424 2.055494785 0.024953667 0.514055729 0.107186101 0.850667477
1745010420947483904.000000 1.281132936 0.092749104 2.056191921 0.025357932 0.506947696 0.107400335 0.854883730
1745010421050249216.000000 1.282269239 0.093456224 2.056299686 0.027153919 0.495094866 0.106521927 0.861856639
1745010421151448320.000000 1.282821417 0.093374021 2.056679010 0.028088162 0.486784667 0.106873244 0.866504371
1745010421255644160.000000 1.283635378 0.093521453 2.057383776 0.029192979 0.479212284 0.106213197 0.870759547
1745010421356713984.000000 1.285021901 0.093496442 2.058096170 0.030115914 0.470673025 0.106262162 0.875367641
1745010421448196096.000000 1.285368919 0.093275964 2.058508158 0.031880897 0.458849132 0.106463723 0.881536543
1745010421549547264.000000 1.286651134 0.092980571 2.059201717 0.032579783 0.451175511 0.105688758 0.885555863
1745010421651070976.000000 1.286812663 0.093350090 2.059424877 0.033506673 0.443028092 0.104944006 0.889713585
1745010421755425280.000000 1.286564231 0.093096487 2.059253693 0.035051037 0.430971086 0.105144449 0.895533383
1745010421856916224.000000 1.287672877 0.092990205 2.059852123 0.035741843 0.422834903 0.104332834 0.899470925
1745010421958575360.000000 1.288360476 0.093028381 2.060561180 0.037045684 0.415027410 0.104791693 0.902994275
1745010422049826048.000000 1.287633896 0.092885934 2.060315609 0.038183510 0.403008491 0.104179814 0.908445239
1745010422151994880.000000 1.290276408 0.092755944 2.061792374 0.038466569 0.395296723 0.102450661 0.912011385
1745010422253457920.000000 1.296595335 0.090922482 2.057598114 0.039432358 0.381317019 0.106611885 0.917429209
1745010422354670336.000000 1.301738381 0.090630911 2.061141729 0.039623320 0.369985521 0.105738111 0.922149837
1745010422456616192.000000 1.315451741 0.090483926 2.080049753 0.042712092 0.354694128 0.104017630 0.928196132
1745010422558344960.000000 1.324466586 0.089492097 2.094357491 0.043763977 0.345961064 0.103059866 0.931544065
1745010422650266880.000000 1.331375480 0.089104205 2.109973669 0.045470659 0.339920461 0.102093697 0.933789849
1745010422752690176.000000 1.349185824 0.088089794 2.129112244 0.045535553 0.324309230 0.098652340 0.939690232
1745010422854501120.000000 1.356733084 0.086655796 2.139467478 0.046617802 0.314662397 0.098916762 0.942883849
1745010422956273152.000000 1.368451357 0.086753152 2.158783197 0.047665246 0.307219833 0.094142266 0.945770204
1745010423057841152.000000 1.383465409 0.085818172 2.179825306 0.049721714 0.292470872 0.091528691 0.950584590
1745010423158948096.000000 1.387772202 0.082863286 2.194319248 0.050039016 0.287447423 0.092365742 0.952018261
1745010423260678912.000000 1.394954443 0.082428910 2.209025145 0.051249355 0.279816180 0.091408335 0.954317033
1745010423362058240.000000 1.400841832 0.079894662 2.222673416 0.051836669 0.271733612 0.091897711 0.956571281
1745010423453722112.000000 1.411082149 0.078118280 2.245215893 0.052404467 0.259663433 0.090392411 0.960030198
1745010423555100928.000000 1.418338895 0.077745885 2.260115385 0.054077864 0.251382411 0.087686971 0.962389469
1745010423657951232.000000 1.423269153 0.074909747 2.275274754 0.054737274 0.243701428 0.088604338 0.964242041
1745010423760092928.000000 1.431661367 0.071581900 2.299399376 0.055612411 0.230372787 0.087653764 0.967549741
1745010423861602048.000000 1.437401414 0.070072211 2.315493822 0.056591600 0.222191527 0.085849740 0.969565928
1745010423963113984.000000 1.443193197 0.067778736 2.332215786 0.057287600 0.213282272 0.084839791 0.971612632
1745010424064311296.000000 1.451038361 0.064266935 2.358736277 0.058604136 0.200390935 0.083812170 0.974363685
1745010424155384064.000000 1.455608606 0.061991267 2.376121283 0.059276957 0.191661596 0.083260551 0.976124883
1745010424257669888.000000 1.460438371 0.059323143 2.393130541 0.059774950 0.182876900 0.082076952 0.977878511
1745010424359961344.000000 1.465328217 0.056920961 2.413189411 0.060725044 0.174533069 0.080667570 0.979460835
1745010424461800192.000000 1.469829798 0.055575699 2.441920042 0.063105278 0.161615327 0.078120589 0.981730878
1745010424562952960.000000 1.473838925 0.052399166 2.461467505 0.063780844 0.152720436 0.077494904 0.983159721
1745010424664761344.000000 1.477616668 0.050166048 2.480967999 0.064788945 0.144009680 0.076714978 0.984468639
1745010424766511104.000000 1.482742667 0.046225157 2.516053677 0.066260926 0.131153211 0.074562445 0.986330986
1745010424857652224.000000 1.486238718 0.042556517 2.537119627 0.066332556 0.122452103 0.074372619 0.987458527
1745010424959702016.000000 1.487995028 0.041066587 2.557156324 0.067822888 0.113589481 0.071888685 0.988599777
1745010425061238016.000000 1.493624210 0.034674253 2.593127728 0.068980046 0.100215450 0.070243344 0.990083098
1745010425162917120.000000 1.494174242 0.031136025 2.613486767 0.069505237 0.091493890 0.068777241 0.990993261
1745010425274373376.000000 1.496318817 0.027656276 2.640093803 0.071199924 0.082660660 0.067381889 0.991744697
1745010425365506048.000000 1.496984482 0.023864506 2.662698030 0.071871154 0.074056171 0.066128671 0.992460191
1745010425468605952.000000 1.497828484 0.017218955 2.698473930 0.072739176 0.061032258 0.065143988 0.993348062
1745010425570072064.000000 1.499105453 0.012864678 2.723204851 0.073383175 0.052081581 0.063967653 0.993886590
1745010425671299328.000000 1.499320507 0.008789636 2.747084379 0.073885381 0.043086842 0.062879160 0.994349420
1745010425773318144.000000 1.497774601 0.001503737 2.784938812 0.074789964 0.029917110 0.061628710 0.994843364
1745010425866363136.000000 1.497810125 -0.003051810 2.810035229 0.075773455 0.020925939 0.061238933 0.995022774
1745010425967616000.000000 1.495120406 -0.007169437 2.834253073 0.076873817 0.013685599 0.059607964 0.995163321
1745010426059202304.000000 1.493400335 -0.011611233 2.859570503 0.077600077 0.006988235 0.058841862 0.995222151
1745010426160617216.000000 1.490350008 -0.018249989 2.894736052 0.077952720 -0.000256372 0.057982564 0.995269537
1745010426263077888.000000 1.484968901 -0.020876961 2.918400049 0.078843318 -0.003815897 0.057410553 0.995225191
1745010426365193216.000000 1.483766437 -0.024878610 2.943999052 0.079838216 -0.007806321 0.056882143 0.995152950
1745010426468285952.000000 1.482007623 -0.030803140 2.981213570 0.080328636 -0.012694611 0.055465233 0.995143116
1745010426570157056.000000 1.480718255 -0.034980170 3.005709171 0.080350846 -0.014455307 0.055252604 0.995129168
1745010426662395904.000000 1.475317955 -0.039602809 3.027562141 0.080438286 -0.015674468 0.055413619 0.995094657
1745010426763743232.000000 1.472513676 -0.048538249 3.065927744 0.080876850 -0.019440176 0.055273116 0.995000541
1745010426865125120.000000 1.472952604 -0.054617055 3.092704058 0.080736220 -0.022225965 0.055152509 0.994960248
1745010426966953984.000000 1.472297072 -0.059020966 3.120532751 0.081041247 -0.024414800 0.054054044 0.994944394
1745010427068122112.000000 1.465643525 -0.064101301 3.139745951 0.081152350 -0.023970921 0.054372821 0.994928837
1745010427159493888.000000 1.462593675 -0.070748784 3.178550482 0.082547493 -0.025704795 0.053442251 0.994821191
1745010427261856000.000000 1.461210608 -0.077049166 3.203350306 0.082214199 -0.026555367 0.053250086 0.994836748
1745010427363572224.000000 1.461721897 -0.083958559 3.230387449 0.082145557 -0.028930500 0.052991811 0.994789958
1745010427466572032.000000 1.455916405 -0.091057710 3.264550924 0.082068264 -0.028755529 0.052651558 0.994819462
1745010427567929344.000000 1.456125379 -0.096582986 3.291475058 0.081862994 -0.030851698 0.052813511 0.994765043
1745010427669625344.000000 1.446233988 -0.100949153 3.311881781 0.082399510 -0.028656170 0.053014934 0.994775653
1745010427760687104.000000 1.446381688 -0.106698282 3.338951588 0.082538441 -0.030251434 0.052436575 0.994747519
1745010427862251008.000000 1.441457152 -0.114565045 3.374983788 0.082672790 -0.030264871 0.052637048 0.994725406
1745010427964296960.000000 1.439947367 -0.120271988 3.400150537 0.083031930 -0.030609785 0.052289333 0.994703293
1745010428065908224.000000 1.437176943 -0.126660705 3.423523903 0.082092412 -0.030379152 0.052570801 0.994773507
1745010428167898112.000000 1.431213140 -0.133052677 3.459125757 0.082342766 -0.030508760 0.052208073 0.994767964
1745010428269484032.000000 1.427322745 -0.138365462 3.481783628 0.082391113 -0.030724617 0.051976077 0.994769454
1745010428361504000.000000 1.426327586 -0.143672869 3.505987167 0.082382679 -0.031885158 0.051731654 0.994746327
1745010428463112192.000000 1.421180487 -0.151952475 3.531064987 0.082576185 -0.046942607 0.050161812 0.994213939
1745010428564610304.000000 1.421512842 -0.151905835 3.531366110 0.082513787 -0.049916111 0.049658529 0.994099557
1745010428667062016.000000 1.424675226 -0.155063882 3.538585186 0.082791626 -0.061319761 0.048753776 0.993483007
1745010428769169920.000000 1.423279524 -0.155245975 3.540542841 0.083655305 -0.070105225 0.047776449 0.992876887
1745010428870963968.000000 1.420512319 -0.156690925 3.544856787 0.084525853 -0.084883630 0.046300218 0.991719007
1745010428963047936.000000 1.416766644 -0.157822028 3.544490814 0.084599070 -0.093005456 0.045230992 0.991033435
1745010429065485312.000000 1.415920377 -0.158245623 3.546379566 0.085273921 -0.102689259 0.044579830 0.990048528
1745010429166994944.000000 1.414090633 -0.160041958 3.549226999 0.085266352 -0.115724333 0.043425698 0.988661647
1745010429268531200.000000 1.407514572 -0.158416152 3.544220448 0.086019427 -0.120173946 0.042901535 0.988088250
1745010429370264320.000000 1.404619217 -0.158836260 3.544050217 0.086107798 -0.128330782 0.042558853 0.987069130
1745010429461955072.000000 1.396268725 -0.158469260 3.538739204 0.086531639 -0.136373386 0.042704638 0.985946715
1745010429564148224.000000 1.399037480 -0.158813626 3.542301893 0.087020390 -0.146314368 0.041795217 0.984516501
1745010429667050240.000000 1.398786783 -0.159909070 3.544344425 0.086877510 -0.155030683 0.041449215 0.983208954
1745010429769659904.000000 1.397300601 -0.160399452 3.546376705 0.087124862 -0.162353396 0.040924568 0.982026458
1745010429871578880.000000 1.384339809 -0.163106501 3.531122208 0.084982902 -0.168125078 0.041655276 0.981211901
1745010429972749312.000000 1.383831501 -0.164867073 3.534569025 0.084764637 -0.176643834 0.040660933 0.979774833
1745010430064379904.000000 1.383789539 -0.164770216 3.534170866 0.085430510 -0.184377760 0.039273888 0.978347659
1745010430166329088.000000 1.388366938 -0.161819533 3.524744987 0.085558236 -0.196049616 0.037023127 0.976152539
1745010430267718144.000000 1.384452581 -0.164532200 3.532659054 0.085922837 -0.203573391 0.035011999 0.974653482
1745010430368841216.000000 1.373358846 -0.163766235 3.530287504 0.085638925 -0.208360463 0.036382385 0.973616064
1745010430470164992.000000 1.363262415 -0.167473912 3.547078133 0.085810050 -0.221399158 0.034718715 0.970779896
1745010430572982016.000000 1.352690697 -0.183302328 3.592354059 0.085513182 -0.241987094 0.030594351 0.966019571
1745010430664182272.000000 1.323989391 -0.185462564 3.607635736 0.086866610 -0.245258138 0.032779317 0.965001643
1745010430767643904.000000 1.307451487 -0.190451533 3.632485867 0.088137686 -0.254020035 0.030901367 0.962678909
1745010430879863296.000000 1.279911757 -0.200708225 3.664855003 0.088535674 -0.266615421 0.029600503 0.959271371
1745010430971611904.000000 1.262338161 -0.207564190 3.688401699 0.088617951 -0.275033981 0.028491696 0.956917703
1745010431073124096.000000 1.245352507 -0.209828988 3.710346222 0.091404065 -0.283714890 0.025039425 0.954213917
1745010431175059200.000000 1.214547396 -0.223171964 3.741407633 0.090417221 -0.295912772 0.025558110 0.950582564
1745010431266253312.000000 1.195750952 -0.226390839 3.758585453 0.091914102 -0.303505808 0.022510005 0.948118865
1745010431369647360.000000 1.176471710 -0.230970010 3.781150103 0.092820905 -0.312402993 0.021004947 0.945170581
1745010431471506176.000000 1.155553579 -0.237850189 3.804784298 0.093002930 -0.320946693 0.019274756 0.942322791
1745010431572828160.000000 1.122612953 -0.246176139 3.836018085 0.092336260 -0.333660632 0.017822109 0.937990963
1745010431674371328.000000 1.100332022 -0.252186835 3.858751774 0.092321463 -0.342708051 0.015457909 0.934766829
1745010431775683072.000000 1.077335835 -0.258921832 3.878894329 0.092758156 -0.350382209 0.014484298 0.931889713
1745010431866919936.000000 1.041971922 -0.267225325 3.908518314 0.093725689 -0.362593740 0.011469941 0.927151442
1745010431968859904.000000 1.017598867 -0.275087476 3.929292679 0.094358191 -0.370470434 0.011617220 0.923966050
1745010432070922240.000000 0.992849708 -0.280561745 3.949627399 0.095934398 -0.378300130 0.009838147 0.920645893
1745010432172861952.000000 0.968767285 -0.286154658 3.965929031 0.096808463 -0.386233658 0.008963879 0.917262971
1745010432273920000.000000 0.926423073 -0.296528846 3.996446609 0.097091623 -0.399116933 0.006710221 0.911720276
1745010432375099904.000000 0.900555611 -0.300292462 4.016001701 0.098443083 -0.407394677 0.004343722 0.907920539
1745010432468667136.000000 0.870561481 -0.310589463 4.033485889 0.097803026 -0.415319711 0.004904930 0.904389381
1745010432571371008.000000 0.820302129 -0.321563810 4.065552711 0.098462954 -0.428033292 0.002817456 0.898378909
1745010432673781248.000000 0.792054892 -0.326683849 4.088421345 0.099303477 -0.437086940 0.001729224 0.893918872
1745010432774883328.000000 0.756556630 -0.333124161 4.101606846 0.099350296 -0.445125639 -0.000428187 0.889939666
1745010432876150016.000000 0.696249008 -0.346882850 4.130398273 0.098858327 -0.456413239 -0.002174983 0.884256363
1745010432977554944.000000 0.659716725 -0.353006423 4.149242401 0.100002408 -0.466587663 -0.006008973 0.878782868
1745010433068928000.000000 0.625629067 -0.359642208 4.165168762 0.099772900 -0.474017292 -0.008543064 0.874802887
1745010433170217984.000000 0.584346890 -0.366042823 4.183083057 0.100389108 -0.481815755 -0.010104613 0.870444477
1745010433272946176.000000 0.525500655 -0.377240777 4.209316254 0.099114820 -0.493387163 -0.011099215 0.864073038
1745010433374028288.000000 0.485147476 -0.383737534 4.225535393 0.099217020 -0.501317561 -0.012198579 0.859469593
1745010433476311296.000000 0.445129156 -0.390173227 4.237164021 0.099313661 -0.509429455 -0.013611625 0.854653895
1745010433577859072.000000 0.386638403 -0.395944566 4.255876064 0.100135274 -0.520925701 -0.015916392 0.847558916
1745010433680005376.000000 0.343711138 -0.403612316 4.269917965 0.099730708 -0.529199421 -0.017403353 0.842436314
1745010433771160064.000000 0.306572199 -0.405812651 4.279805183 0.100643933 -0.537297547 -0.018433014 0.837163329
1745010433873394944.000000 0.243254900 -0.406457514 4.291277885 0.100723445 -0.547436297 -0.017552078 0.830578327
1745010433974955008.000000 0.174425602 -0.421912968 4.305631161 0.100102857 -0.551209927 -0.019979862 0.828099012
1745010434077584128.000000 0.124051809 -0.433497339 4.330361843 0.101255246 -0.555396020 -0.019056948 0.825178504
1745010434179054336.000000 0.087312460 -0.438503444 4.340071678 0.101418458 -0.559462965 -0.018699149 0.822414696
1745010434270273280.000000 0.032094002 -0.443029284 4.348273277 0.101794809 -0.563516259 -0.017722856 0.819617748
1745010434371492096.000000 -0.025830269 -0.457325011 4.374716759 0.101634443 -0.567086756 -0.018730944 0.817148924
1745010434473691904.000000 -0.086759567 -0.476132005 4.396450043 0.101486519 -0.569093943 -0.020816255 0.815720141
1745010434576576000.000000 -0.163356066 -0.483320713 4.408843040 0.101185508 -0.571273267 -0.020364756 0.814244211
1745010434678896896.000000 -0.200034380 -0.489347398 4.419139862 0.101661213 -0.572438657 -0.019454787 0.813388288
1745010434780375296.000000 -0.252779245 -0.500701904 4.435482979 0.100895241 -0.573869646 -0.020311901 0.812453866
1745010434871901952.000000 -0.297090054 -0.508929968 4.446891785 0.100489706 -0.575254500 -0.020572217 0.811517715
1745010434973679360.000000 -0.369579315 -0.522528648 4.471242905 0.100554459 -0.576830208 -0.021111574 0.810376525
1745010435075078912.000000 -0.422938585 -0.531244755 4.487294197 0.100204907 -0.577956617 -0.021817006 0.809598148
1745010435176378880.000000 -0.452807188 -0.535780668 4.496875763 0.100158863 -0.578885913 -0.021325562 0.808952808
1745010435277581312.000000 -0.521785736 -0.549012065 4.518020630 0.100217864 -0.580008984 -0.020910390 0.808151364
1745010435378750976.000000 -0.567739010 -0.555466294 4.530549049 0.100238778 -0.580486536 -0.020201420 0.807823837
1745010435470778112.000000 -0.609520912 -0.565579414 4.543082237 0.100426145 -0.581616342 -0.021044249 0.806966007
1745010435572397312.000000 -0.682342768 -0.579886854 4.565600395 0.100515537 -0.582266927 -0.021139134 0.806483150
1745010435674744064.000000 -0.720326662 -0.587312102 4.576619148 0.100891016 -0.582783043 -0.020709205 0.806074560
1745010435776284928.000000 -0.765450001 -0.595089674 4.591368675 0.100562759 -0.583219111 -0.020916805 0.805794775
1745010435878111232.000000 -0.806513786 -0.601913333 4.602943420 0.100773297 -0.583627284 -0.020922381 0.805472732
1745010435979401216.000000 -0.880292177 -0.615624785 4.622648239 0.100751452 -0.584477007 -0.020899432 0.804859638
1745010436081406976.000000 -0.925376415 -0.623327851 4.636993408 0.101178147 -0.585338295 -0.020799698 0.804182470
1745010436184033280.000000 -0.972084641 -0.632540703 4.651638508 0.101349622 -0.587062120 -0.021077225 0.802896082
1745010436275367936.000000 -1.044706464 -0.645515442 4.670706272 0.101032384 -0.588029265 -0.021243727 0.802223682
1745010436376826368.000000 -1.063279986 -0.649433672 4.675410271 0.101194590 -0.588998497 -0.021497862 0.801485062
1745010436478106368.000000 -1.093145013 -0.653006792 4.685993671 0.101012550 -0.584749281 -0.021232007 0.804620445
1745010436579204352.000000 -1.128937244 -0.660536528 4.708948612 0.101007335 -0.575437129 -0.018767908 0.811367691
1745010436680558080.000000 -1.169542074 -0.676835299 4.728585243 0.100547090 -0.564059198 -0.017794328 0.819396675
1745010436773273344.000000 -1.200726390 -0.685481012 4.760377407 0.100548230 -0.556942701 -0.016271364 0.824281693
1745010436875271936.000000 -1.233161211 -0.693057537 4.770115376 0.100717716 -0.548984170 -0.015754933 0.829592824
1745010436976879104.000000 -1.284197330 -0.707374275 4.802328110 0.100991905 -0.540050983 -0.014041610 0.835433125
1745010437078955264.000000 -1.305856943 -0.710945308 4.814037323 0.101246141 -0.535672665 -0.013410853 0.838226914
1745010437180331264.000000 -1.341357470 -0.725323975 4.830679893 0.100511618 -0.531130850 -0.013339609 0.841201305
1745010437283028224.000000 -1.387483597 -0.730909646 4.861254692 0.100687817 -0.527351081 -0.011569938 0.843581080
1745010437384267008.000000 -1.426811099 -0.740794897 4.885668278 0.100540705 -0.525135219 -0.011223988 0.844984412
1745010437475590912.000000 -1.450530529 -0.743512154 4.890569687 0.100450307 -0.523216188 -0.010118688 0.846198738
1745010437578700032.000000 -1.484442234 -0.751749635 4.915397644 0.100812577 -0.522354066 -0.009702163 0.846692979
1745010437680687104.000000 -1.533979774 -0.761862993 4.935452938 0.100713320 -0.520028055 -0.008998631 0.848143101
1745010437783695104.000000 -1.570658803 -0.770832956 4.950656891 0.100637369 -0.518847823 -0.009344765 0.848870873
1745010437874788352.000000 -1.612141371 -0.779246807 4.975930214 0.100740150 -0.518692017 -0.009177068 0.848955810
1745010437977659904.000000 -1.664129019 -0.792744815 5.002410889 0.100284904 -0.517990828 -0.008603126 0.849443614
1745010438079467008.000000 -1.706767917 -0.800755560 5.020003319 0.100552425 -0.517368019 -0.008550479 0.849792063
1745010438180982016.000000 -1.742445469 -0.809393048 5.041030884 0.100282922 -0.517370284 -0.008377045 0.849824250
1745010438282227968.000000 -1.779164314 -0.816610456 5.058917999 0.100334518 -0.517071903 -0.008244502 0.850001097
1745010438383795968.000000 -1.836344719 -0.829324603 5.088877201 0.100659385 -0.517436624 -0.008694670 0.849736154
1745010438475140096.000000 -1.875758052 -0.840437412 5.107612610 0.101307504 -0.517035782 -0.008225170 0.849907756
1745010438577253376.000000 -1.916294932 -0.850097775 5.126560211 0.101237990 -0.517073870 -0.008047970 0.849894583
1745010438679115008.000000 -1.971411824 -0.863525331 5.155733109 0.101154737 -0.517401338 -0.007823878 0.849707186
1745010438780740352.000000 -2.011292696 -0.873166323 5.175177574 0.100785963 -0.517310023 -0.007931077 0.849805653
1745010438882107136.000000 -2.047956944 -0.880015016 5.194160461 0.100574620 -0.517360508 -0.007674544 0.849802315
1745010438983137024.000000 -2.106850863 -0.894177318 5.225247383 0.101058245 -0.517990708 -0.008268915 0.849355340
1745010439076479232.000000 -2.144914627 -0.899993420 5.240618706 0.100760184 -0.518645883 -0.008945467 0.848984063
1745010439178454272.000000 -2.179912567 -0.906591773 5.258514881 0.100711025 -0.518474400 -0.009444498 0.849089265
1745010439281154048.000000 -2.220185280 -0.915833831 5.278964996 0.100904532 -0.517846227 -0.009173797 0.849452496
1745010439382266880.000000 -2.278187513 -0.929238021 5.310458183 0.100768201 -0.517378867 -0.009010021 0.849755168
1745010439484347136.000000 -2.312273979 -0.935744643 5.326836109 0.100860447 -0.517057896 -0.008632730 0.849943399
1745010439585468928.000000 -2.350363970 -0.944626451 5.343866825 0.100310609 -0.516903579 -0.008111458 0.850107491
1745010439676989184.000000 -2.409442425 -0.958412766 5.375973225 0.099402584 -0.517191708 -0.008360891 0.850036502
1745010439779219200.000000 -2.447490215 -0.966510475 5.395335674 0.099058650 -0.517282665 -0.008673145 0.850018144
1745010439880777216.000000 -2.484715462 -0.975456476 5.413880348 0.098650001 -0.517505050 -0.008794962 0.849929035
1745010439981860096.000000 -2.525527239 -0.984544933 5.433534145 0.098098151 -0.517267227 -0.008941540 0.850136101
1745010440083168000.000000 -2.582944155 -0.998322368 5.461986542 0.097945631 -0.516551375 -0.008728506 0.850591063
1745010440184477184.000000 -2.621322155 -1.007115245 5.481393814 0.098139085 -0.516287744 -0.008372108 0.850732446
1745010440285670912.000000 -2.658101320 -1.014906883 5.498471260 0.098433040 -0.516309321 -0.008309857 0.850685954
1745010440376931072.000000 -2.715391636 -1.026916265 5.528102398 0.098174989 -0.516523063 -0.008005319 0.850588977
1745010440479165952.000000 -2.755063057 -1.037390351 5.546979904 0.098138899 -0.516206980 -0.007902388 0.850785971
1745010440580798208.000000 -2.794986248 -1.045406818 5.565280914 0.098134279 -0.516260743 -0.007759182 0.850755215
1745010440683045120.000000 -2.849838734 -1.056261539 5.596737862 0.098117694 -0.516999722 -0.007154488 0.850313485
1745010440784589056.000000 -2.887496710 -1.066907167 5.613769054 0.097844608 -0.516585171 -0.006826193 0.850599647
1745010440885890304.000000 -2.924945354 -1.074037313 5.637106895 0.098580867 -0.517534494 -0.007169900 0.849934399
1745010440977206272.000000 -2.967717171 -1.083812475 5.653123379 0.098995976 -0.516997039 -0.007144531 0.850213468
1745010441078445312.000000 -3.022338390 -1.096365929 5.682042122 0.098942660 -0.517018199 -0.007964000 0.850199521
1745010441180011008.000000 -3.059758186 -1.100962639 5.699384212 0.099198364 -0.516463220 -0.007304080 0.850512803
1745010441292180992.000000 -3.096249580 -1.109410524 5.720106125 0.098878749 -0.517351747 -0.007235135 0.850010514
1745010441383502336.000000 -3.155559301 -1.121704817 5.745812416 0.098633796 -0.516965270 -0.007759432 0.850269496
1745010441488333312.000000 -3.191406488 -1.129945755 5.765387535 0.098575301 -0.518133461 -0.008512571 0.849557579
1745010441580869120.000000 -3.227543831 -1.136344910 5.783153534 0.099426873 -0.518498302 -0.008426053 0.849236608
1745010441683217920.000000 -3.285779476 -1.149576664 5.809543610 0.099255547 -0.518053114 -0.009203692 0.849520206
1745010441784858880.000000 -3.324911356 -1.157808661 5.827005386 0.099121965 -0.517870963 -0.009269672 0.849646211
1745010441877268992.000000 -3.359027386 -1.167573690 5.847733498 0.098850615 -0.519454658 -0.009235941 0.848710835
1745010441979382016.000000 -3.398771048 -1.176301122 5.864643097 0.098217428 -0.519437551 -0.009364944 0.848793447
1745010442082014208.000000 -3.453021526 -1.186753988 5.893711090 0.099172942 -0.521551192 -0.009277225 0.847386003
1745010442183288064.000000 -3.491378307 -1.194549799 5.911734581 0.099114932 -0.522669554 -0.009002592 0.846706390
1745010442285376000.000000 -3.520231247 -1.203812599 5.925820351 0.098814711 -0.523901820 -0.009632023 0.845972657
1745010442376866048.000000 -3.571785927 -1.203995109 5.936909676 0.102428786 -0.515496135 -0.007522607 0.850714684
1745010442479339008.000000 -3.563377380 -1.208379745 5.948075294 0.100225940 -0.512861669 -0.007781690 0.852565050
1745010442582066176.000000 -3.567379475 -1.211272717 5.942281246 0.099706471 -0.503502011 -0.007236320 0.858191133
1745010442683314944.000000 -3.560136318 -1.206457496 5.949074745 0.100947715 -0.498692065 -0.005867682 0.860860944
1745010442784573184.000000 -3.573235512 -1.210372686 5.942691326 0.099493869 -0.483650297 -0.004251812 0.869577706
1745010442885817344.000000 -3.574470997 -1.212383032 5.937426567 0.099026315 -0.473540038 -0.002722015 0.875183582
1745010442987639296.000000 -3.576569080 -1.210677266 5.934029579 0.099161491 -0.464025915 -0.001781193 0.880252123
1745010443078880000.000000 -3.560440063 -1.205651879 5.948766708 0.099871151 -0.456427932 0.000891885 0.884137154
1745010443180276992.000000 -3.552754164 -1.203982830 5.955430031 0.099790968 -0.449614108 0.001826499 0.887629271
1745010443282408960.000000 -3.543015718 -1.199674606 5.957977295 0.099225223 -0.442470938 0.003125883 0.891271055
1745010443383870208.000000 -3.533975363 -1.197961569 5.955719948 0.098844387 -0.432406932 0.005462843 0.896227717
1745010443487038208.000000 -3.526947498 -1.195950508 5.953442574 0.099147767 -0.425983131 0.006851048 0.899255931
1745010443588173056.000000 -3.520618439 -1.194750428 5.951943398 0.099742413 -0.420417577 0.007062719 0.901804149
1745010443680926208.000000 -3.510545254 -1.188684344 5.964570045 0.102026865 -0.415940017 0.009496707 0.903600693
1745010443782420992.000000 -3.512873650 -1.193372369 5.954080582 0.100007586 -0.400602013 0.012438235 0.910693049
1745010443884022272.000000 -3.490698338 -1.180226803 5.970349312 0.102676384 -0.398147702 0.014470441 0.911442041
1745010443987241984.000000 -3.486842632 -1.178373814 5.970399857 0.102199674 -0.390418679 0.017267238 0.914784372
1745010444088617984.000000 -3.470363140 -1.163473964 5.974068642 0.103719369 -0.381051421 0.021100063 0.918475330
1745010444179756288.000000 -3.468721390 -1.159987569 5.969063759 0.103713281 -0.372363478 0.023092354 0.921984673
1745010444281699072.000000 -3.467867374 -1.156859398 5.972270966 0.104400679 -0.365308195 0.026003970 0.924648225
1745010444383361024.000000 -3.453623295 -1.136252761 5.976808548 0.108741045 -0.361206591 0.030173704 0.925632060
1745010444487114240.000000 -3.459013939 -1.142452359 5.972342491 0.106632411 -0.347695023 0.032548469 0.930955589
1745010444588543232.000000 -3.457661390 -1.139830828 5.974028587 0.106836304 -0.339502037 0.034972183 0.933863699
1745010444690292992.000000 -3.436176777 -1.124212980 5.985508919 0.109854057 -0.338139713 0.038920391 0.933851600
1745010444793154304.000000 -3.432453156 -1.122010112 5.987532139 0.109661154 -0.326312006 0.042211577 0.937930286
1745010444885957888.000000 -3.442184448 -1.115061402 5.986095428 0.110860430 -0.316754967 0.045222457 0.940920472
1745010444988477952.000000 -3.432105303 -1.105865836 5.988832951 0.111788869 -0.311376482 0.049359307 0.942396760
1745010445089901312.000000 -3.424525499 -1.105081558 5.993424416 0.111716636 -0.300230294 0.050403699 0.945960283
1745010445191072256.000000 -3.428394318 -1.100440621 5.996691704 0.112753920 -0.292113900 0.052788541 0.948245466
1745010445282290944.000000 -3.424529314 -1.105717659 5.994333267 0.110180914 -0.283564746 0.053792845 0.951082349
1745010445383617280.000000 -3.426181793 -1.101025343 5.996680737 0.110976093 -0.275200158 0.056034353 0.953314960
1745010445486320384.000000 -3.421092272 -1.100001216 6.000500679 0.109878197 -0.264413387 0.058911204 0.956316769
1745010445587669248.000000 -3.406737566 -1.102498531 6.020376205 0.109293044 -0.258285880 0.058713306 0.958069026
1745010445689778176.000000 -3.435949564 -1.114464045 6.045345306 0.108225100 -0.237558112 0.062255803 0.963316023
1745010445791898880.000000 -3.463489771 -1.132908940 6.102871895 0.106619254 -0.219391823 0.066773206 0.967492104
1745010445893116928.000000 -3.469814301 -1.137073398 6.140589714 0.106565706 -0.211299449 0.068325646 0.969189346
1745010445984613120.000000 -3.482729435 -1.141488433 6.187355042 0.107377805 -0.202631742 0.071149871 0.970746160
1745010446086297344.000000 -3.497740030 -1.158433795 6.223807335 0.105395727 -0.191047266 0.073186725 0.973157942
1745010446187955968.000000 -3.506730318 -1.172385693 6.281167030 0.103574879 -0.177264571 0.073873110 0.975905895
1745010446289207296.000000 -3.526427269 -1.177904010 6.330205441 0.103617355 -0.167023733 0.078593567 0.977338016
1745010446391105280.000000 -3.524783611 -1.191891909 6.366538048 0.101948783 -0.158291861 0.076542847 0.979127884
1745010446492612096.000000 -3.535450459 -1.210211158 6.432055473 0.099534445 -0.144291148 0.076951958 0.981504679
1745010446593821952.000000 -3.539657831 -1.222216368 6.471892834 0.099671215 -0.133229211 0.077123813 0.983039975
1745010446686680064.000000 -3.543956757 -1.231818199 6.518323421 0.101716921 -0.124456927 0.079937033 0.983755171
1745010446792241152.000000 -3.551243782 -1.244480968 6.591342449 0.101253346 -0.110003084 0.083694868 0.985211790
1745010446893572096.000000 -3.547176838 -1.252850533 6.632876396 0.100290246 -0.101113014 0.084493555 0.986194134
1745010446985824000.000000 -3.549716949 -1.262380838 6.679965496 0.099913865 -0.091401108 0.086151138 0.987036526
1745010447087658240.000000 -3.554912090 -1.275634766 6.736921310 0.099095248 -0.082067616 0.087881058 0.987786412
1745010447189116928.000000 -3.560146093 -1.290410519 6.818007946 0.098267652 -0.067281947 0.091512501 0.988656700
1745010447291051264.000000 -3.560250044 -1.301818013 6.869552612 0.097632773 -0.057624482 0.092548095 0.989233136
1745010447385502208.000000 -3.559410095 -1.313413858 6.924467564 0.096829541 -0.048295774 0.094864503 0.989592016
1745010447487040000.000000 -3.571449041 -1.319947362 7.021537781 0.097344354 -0.032403484 0.098765649 0.989807785
1745010447588922368.000000 -3.572958469 -1.335800171 7.082314968 0.096289486 -0.022437103 0.100691319 0.989993095
1745010447690503168.000000 -3.567276478 -1.340201974 7.144581318 0.096760616 -0.012751662 0.102098748 0.989975095
1745010447791950336.000000 -3.573774099 -1.353388071 7.214925766 0.095966063 -0.002168407 0.104652293 0.989865541
1745010447894176000.000000 -3.603036165 -1.402850747 7.355583668 0.092978522 0.016678859 0.106596261 0.989805043
1745010447985330944.000000 -3.555153608 -1.373481750 7.374589920 0.094964035 0.022817949 0.109543413 0.989172101
1745010448086759168.000000 -3.558060646 -1.388825655 7.451147556 0.093765490 0.033544745 0.110811517 0.988839507
1745010448188267264.000000 -3.561338902 -1.411213279 7.561545849 0.092252359 0.049905375 0.112591974 0.988090158
1745010448289426944.000000 -3.551706791 -1.432213426 7.633069515 0.090926088 0.060280439 0.113309108 0.987552404
1745010448390588928.000000 -3.541199923 -1.461212277 7.702239990 0.088716283 0.070535049 0.113049798 0.987103820
1745010448494169344.000000 -3.543594837 -1.486542344 7.834008217 0.087488249 0.087996930 0.115429975 0.985534549
1745010448585488128.000000 -3.547706604 -1.506757259 7.920425892 0.085754670 0.100436188 0.116987631 0.984313309
1745010448688304128.000000 -3.555388927 -1.524820089 8.018465042 0.084872998 0.112724416 0.118138313 0.982920766
1745010448789793024.000000 -3.559696674 -1.532433987 8.117547035 0.085748427 0.122942075 0.120271593 0.981359899
1745010448891570176.000000 -3.571452379 -1.550959706 8.273738861 0.085811988 0.137346596 0.122762896 0.979133070
1745010448993507072.000000 -3.579555511 -1.552657604 8.386188507 0.087925494 0.144832850 0.124820381 0.977605462
1745010449094746112.000000 -3.586293459 -1.570491314 8.499049187 0.088441454 0.152512953 0.125979349 0.976241350
1745010449196119040.000000 -3.439200878 -1.555531144 8.514855385 0.087948836 0.146384075 0.125256211 0.977316558
1745010449287461376.000000 -3.435370445 -1.581610799 8.621920586 0.087812297 0.151844934 0.125826761 0.976421952
1745010449388894976.000000 -3.402871370 -1.593983889 8.690921783 0.087703653 0.152803496 0.125602588 0.976310968
1745010449492303104.000000 -3.355129719 -1.607906938 8.821156502 0.088293605 0.155200899 0.125795126 0.975854814
1745010449593483264.000000 -3.325673342 -1.627024412 8.903409958 0.087498508 0.157257006 0.126151904 0.975551188
1745010449695822336.000000 -3.301005840 -1.640010595 8.974172592 0.087004602 0.158099309 0.126377672 0.975429952
1745010449797280000.000000 -3.274068356 -1.660848260 9.058392525 0.086755529 0.159592569 0.126496747 0.975193441
1745010449890765312.000000 -3.216314316 -1.680456638 9.181029320 0.087095968 0.160326317 0.127485290 0.974914014
1745010449991948032.000000 -3.186134577 -1.693716168 9.260187149 0.087244779 0.160977855 0.127300546 0.974817455
1745010450093359104.000000 -3.157168150 -1.718598962 9.352622032 0.086767547 0.162041605 0.127403513 0.974670351
1745010450196926976.000000 -3.099439621 -1.743468285 9.478883743 0.086158752 0.161695123 0.126972184 0.974838197
1745010450287999232.000000 -3.067824125 -1.749737859 9.561264038 0.086748771 0.161520258 0.127395526 0.974759638
1745010450389449984.000000 -3.046254158 -1.764235497 9.650591850 0.087638520 0.162647203 0.127730668 0.974448800
1745010450491077888.000000 -2.988147259 -1.790835500 9.721600533 0.085745402 0.160654590 0.127526745 0.974974275
1745010450592775168.000000 -2.945728540 -1.815657258 9.852971077 0.085717879 0.161042184 0.127944425 0.974858046
1745010450694249216.000000 -2.893373966 -1.844480753 9.924242020 0.083547860 0.158168361 0.125982150 0.975772023
1745010450796306176.000000 -2.867246628 -1.857792974 10.012922287 0.084804460 0.157915547 0.125829250 0.975724339
1745010450898025984.000000 -2.797018051 -1.892720461 10.133865356 0.084067933 0.154125348 0.123512194 0.976689696
1745010450989040128.000000 -2.777895927 -1.919837236 10.224295616 0.082238324 0.155515745 0.123314649 0.976650059
1745010451090895872.000000 -2.726706028 -1.929265141 10.289457321 0.082113318 0.151655003 0.123315103 0.977267385
1745010451192064000.000000 -2.678863049 -1.956541538 10.402204514 0.081793293 0.147750348 0.121616803 0.978104889
1745010451293362176.000000 -2.691367626 -1.970573545 10.442113876 0.080709733 0.166221783 0.123638138 0.974971712
1745010451396089344.000000 -2.684715748 -1.971621394 10.442107201 0.078672446 0.169125393 0.123332873 0.974677563
1745010451497812992.000000 -2.683139324 -1.964343786 10.444569588 0.078722440 0.178759336 0.124943890 0.972747147
1745010451598993920.000000 -2.696191311 -1.984900355 10.455267906 0.074645385 0.195451096 0.126510739 0.969650447
1745010451700474368.000000 -2.693780661 -1.984032035 10.458842278 0.073806472 0.204801917 0.127535030 0.967648566
1745010451801602048.000000 -2.700156689 -1.963873386 10.465486526 0.075807154 0.215262890 0.129466385 0.964963019
1745010451902632960.000000 -2.675546646 -1.967217565 10.441542625 0.072620206 0.226470605 0.129960567 0.962573469
1745010452004841984.000000 -2.681627989 -1.953799605 10.448700905 0.073804982 0.237604782 0.132384136 0.959464073
1745010452095754240.000000 -2.680250406 -1.965895057 10.450692177 0.071367949 0.247812748 0.133270800 0.956940114
1745010452196982272.000000 -2.655556440 -1.941566229 10.421805382 0.072857670 0.255114883 0.134750918 0.954699099
1745010452299034112.000000 -2.663167477 -1.924569726 10.433203697 0.075011618 0.274135023 0.139088273 0.948618889
1745010452400580096.000000 -2.645541191 -1.918262124 10.440627098 0.075236879 0.283796817 0.141625941 0.945378780
1745010452492693248.000000 -2.662920713 -1.907414913 10.450770378 0.075870641 0.293645769 0.142150626 0.942236245
1745010452594809344.000000 -2.657951593 -1.895085692 10.455848694 0.075993359 0.305689663 0.144440159 0.938038349
1745010452696134144.000000 -2.696337700 -1.906646729 10.556280136 0.076212443 0.324540466 0.144098476 0.931719303
1745010452797229056.000000 -2.692868471 -1.910160661 10.563652039 0.074865580 0.333310366 0.145618334 0.928490520
1745010452898391296.000000 -2.738005638 -1.875184774 10.598353386 0.078901805 0.351370364 0.146577090 0.921318948
1745010452991711232.000000 -2.733122826 -1.879647136 10.610474586 0.077229880 0.360337973 0.147346720 0.917867720
1745010453094424320.000000 -2.719547272 -1.880400896 10.624074936 0.076734170 0.367850423 0.147464529 0.914905608
1745010453196085248.000000 -2.791839600 -1.843013763 10.684814453 0.082180843 0.385467410 0.149744183 0.906773388
1745010453297148928.000000 -2.774734735 -1.841332674 10.704962730 0.081501544 0.396544695 0.152259454 0.901624560
1745010453398504960.000000 -2.667671442 -1.917955279 10.650066376 0.069208711 0.392422020 0.155163497 0.903957665
1745010453501317888.000000 -2.800516605 -1.956923723 10.600154877 0.061044633 0.412988991 0.155552894 0.895274818
1745010453592461056.000000 -2.762294769 -1.938896298 10.578464508 0.058567706 0.432130873 0.156590894 0.886178374
1745010453694614272.000000 -2.765896797 -1.944735646 10.597084999 0.055363432 0.447086811 0.156726748 0.878911316
1745010453796844288.000000 -2.771666527 -1.951577306 10.618358612 0.051734425 0.463262469 0.157242656 0.870624065
1745010453899773184.000000 -2.783284664 -1.968728662 10.667215347 0.046869777 0.486320466 0.158634916 0.857980549
1745010454001514240.000000 -2.773946762 -1.967769384 10.659523010 0.045783617 0.492723614 0.159902677 0.854141951
1745010454093104128.000000 -2.773925781 -1.977076411 10.678508759 0.042787712 0.504309535 0.161151603 0.847272873
1745010454194611200.000000 -2.770582676 -1.987712860 10.693317413 0.040096659 0.514896095 0.163047522 0.840648413
1745010454296218112.000000 -2.764996529 -1.973685861 10.686637878 0.039641660 0.528275013 0.163479805 0.832243085
1745010454397413376.000000 -2.765496731 -1.967250705 10.689077377 0.039128833 0.542028606 0.163601577 0.823351979
1745010454499097088.000000 -2.763442039 -1.970858455 10.698823929 0.036997057 0.552956522 0.165082201 0.815854251
1745010454601519104.000000 -2.759673595 -1.974904776 10.718910217 0.034385335 0.570903361 0.165820971 0.803361952
1745010454713050112.000000 -2.756014824 -1.983138204 10.743886948 0.031563856 0.583600044 0.167250648 0.794003785
1745010454794109184.000000 -2.754595757 -1.980478287 10.752459526 0.029546198 0.596673310 0.167075023 0.784343064
1745010454896800000.000000 -2.747563362 -1.983661175 10.774680138 0.026975263 0.608657897 0.168007582 0.774971902
1745010454997822976.000000 -2.746879578 -1.994600296 10.819120407 0.022618692 0.629782140 0.168933630 0.757841885
1745010455099140096.000000 -2.743090630 -1.989312649 10.823047638 0.020816669 0.643984377 0.167747810 0.746131003
1745010455200207872.000000 -2.739212990 -1.995069981 10.854095459 0.015183923 0.660211325 0.169603571 0.731522441
1745010455302937344.000000 -2.727228165 -1.998354435 10.881101608 0.012074337 0.678503573 0.169254288 0.714730859
1745010455394010368.000000 -2.714402199 -1.998200178 10.885932922 0.010242308 0.686583757 0.169969320 0.706829846
1745010455497049088.000000 -2.703248024 -1.998597980 10.903921127 0.008433891 0.699141920 0.169679746 0.694505811
1745010455598638336.000000 -2.681636810 -1.999077201 10.918296814 0.005403554 0.713145375 0.170322880 0.679988682
1745010455700197888.000000 -2.669658661 -1.992627382 10.929367065 0.005061765 0.723798215 0.168136060 0.669194162
1745010455803417088.000000 -2.651460648 -2.006948471 10.930824280 -0.000993822 0.731132448 0.173315272 0.659853160
1745010455894628352.000000 -2.634921074 -2.011924267 10.931743622 -0.004767210 0.738497198 0.175762966 0.650927544
1745010455995797248.000000 -2.613098145 -2.005202532 10.936308861 -0.006548650 0.750684559 0.175260156 0.636956573
1745010456097393920.000000 -2.596859932 -2.005336761 10.941501617 -0.009350889 0.759113431 0.175757721 0.626712620
1745010456199072000.000000 -2.584279060 -2.002859831 10.936977386 -0.011898120 0.764771044 0.176976666 0.619405329
