1745116599487361280.000000 -0.002580528 -0.001588084 0.020502623 0.001597866 0.000735593 -0.000814493 0.999998152
1745116599588744192.000000 -0.005152580 -0.000309920 0.028972488 0.002172230 0.001644512 -0.001621469 0.999994993
1745116599680485888.000000 -0.008194119 0.001314079 0.038110577 0.001586179 0.002717274 -0.001886345 0.999993265
1745116599784591872.000000 -0.002507657 -0.010738111 0.052798484 -0.005636390 -0.001195191 0.000386766 0.999983311
1745116599888116224.000000 -0.005665521 -0.008786434 0.062151968 -0.004949616 0.000019943 0.000341570 0.999987721
1745116599990950144.000000 -0.009039475 -0.007464795 0.071339533 -0.005334876 0.001043903 -0.000085574 0.999985218
1745116600082777344.000000 -0.011316453 0.007379893 0.081488103 0.002461775 0.001265910 -0.001178054 0.999995470
1745116600196059904.000000 -0.014564738 0.009429015 0.091392726 0.003057830 0.003239478 -0.001351894 0.999989152
1745116600278907136.000000 -0.019429211 -0.003109143 0.104755044 -0.005026593 0.006287269 -0.001013594 0.999967098
1745116600391717888.000000 -0.023140132 -0.001463291 0.116134457 -0.009970226 0.007160723 -0.000737356 0.999924421
1745116600493590016.000000 -0.025475672 0.000336494 0.126661077 -0.011524312 0.008261078 -0.001048329 0.999898970
1745116600586337024.000000 -0.023798715 0.002245772 0.137831837 -0.013090513 0.006744189 -0.000251779 0.999891579
1745116600679197184.000000 -0.012650455 0.017793247 0.146853134 -0.006811687 0.000828155 -0.000437762 0.999976337
1745116600791602176.000000 -0.027367819 0.004784453 0.163174823 -0.015996970 0.009836961 -0.001006646 0.999823153
1745116600884367104.000000 -0.030888511 0.004987448 0.173199371 -0.016052894 0.011892731 -0.001582715 0.999799192
1745116600986761216.000000 -0.017454635 0.019403243 0.175617263 -0.007341609 0.003210967 -0.000732005 0.999967635
1745116601089874944.000000 -0.016895957 0.019252749 0.184907556 -0.008819682 0.002324409 -0.000403913 0.999958336
1745116601182047232.000000 -0.030587863 0.005826423 0.204188108 -0.019683337 0.010850081 -0.000717005 0.999747157
1745116601286173184.000000 -0.036610834 0.012224793 0.216647714 -0.016620511 0.014097594 -0.002184756 0.999760091
1745116601387870976.000000 -0.032538295 0.013543267 0.227820262 -0.016572896 0.011376448 -0.002021669 0.999795914
1745116601490681088.000000 -0.034920163 0.016481021 0.237260371 -0.014516534 0.012465633 -0.002739959 0.999813199
1745116601582281984.000000 -0.037374519 0.019102769 0.246422380 -0.013330687 0.013416686 -0.003516858 0.999814928
1745116601685494272.000000 -0.043594446 0.019970918 0.253977925 -0.015273114 0.017574554 -0.004004344 0.999720871
1745116601789592320.000000 -0.047285464 0.021766530 0.264213711 -0.015262184 0.019240299 -0.003770974 0.999691308
1745116601892248064.000000 -0.030862996 0.032703113 0.280937284 -0.008425302 0.007271689 -0.002383625 0.999935269
1745116601985103104.000000 -0.032946281 0.034700438 0.290548116 -0.006814619 0.007933781 -0.002577401 0.999942005
1745116602087708928.000000 -0.025160570 0.038419235 0.298406273 -0.004804539 0.002603711 -0.001810028 0.999983490
1745116602191109888.000000 -0.029925793 0.038020585 0.311239630 -0.008015590 0.005319151 -0.002494879 0.999950647
1745116602283748096.000000 -0.024641801 0.039851170 0.310591072 -0.007579972 0.001492618 -0.001860305 0.999968469
1745116602386547200.000000 -0.024996502 0.041805562 0.320288062 -0.007240825 0.000582411 -0.001756383 0.999972105
1745116602488976896.000000 -0.029568816 0.044897631 0.347515196 -0.007465231 0.001825317 -0.002238087 0.999967992
1745116602591821312.000000 -0.031851832 0.046439957 0.357129663 -0.006761898 0.003176436 -0.002060335 0.999970019
1745116602684095232.000000 -0.027646478 0.045833856 0.353192419 -0.005861823 0.000164790 -0.000988975 0.999982357
1745116602796473344.000000 -0.026332129 0.048874184 0.377230823 -0.006471803 -0.002432099 -0.001067854 0.999975562
1745116602888365312.000000 -0.028763654 0.051209703 0.387817949 -0.006780655 -0.000939628 -0.002130266 0.999974370
1745116602990799104.000000 -0.030678794 0.053224206 0.397951782 -0.006386654 0.000619898 -0.001826380 0.999977827
1745116603092873216.000000 -0.031346798 0.057679281 0.406135112 -0.004362733 0.001203747 -0.001390436 0.999988854
1745116603196988160.000000 -0.032438297 0.058732077 0.416183174 -0.004506311 0.001622944 -0.000892869 0.999988139
1745116603290714368.000000 -0.031789381 0.057237443 0.415713429 -0.006070275 0.001553578 0.000301705 0.999980330
1745116603394111232.000000 -0.034205653 0.058301233 0.425728679 -0.005884032 0.003528016 -0.000023112 0.999976516
1745116603488225280.000000 -0.034371257 0.064540945 0.446207315 -0.003185789 0.001672481 -0.000415646 0.999993443
1745116603592356096.000000 -0.034764733 0.062249299 0.445513994 -0.005647510 0.002346315 0.000269329 0.999981284
1745116603695458048.000000 -0.036108818 0.064607121 0.459212393 -0.006065642 0.002952443 0.000229386 0.999977231
1745116603788360960.000000 -0.037672546 0.064763822 0.469077557 -0.006596832 0.003744628 0.000161476 0.999971271
1745116603890703872.000000 -0.036700327 0.068063006 0.478052914 -0.005257529 0.003052473 0.000179191 0.999981523
1745116603994895104.000000 -0.037812054 0.069395326 0.488194227 -0.005475317 0.003945071 0.000006003 0.999977291
1745116604097358336.000000 -0.038522765 0.070955060 0.497369945 -0.005726656 0.003775342 0.000189013 0.999976516
1745116604189282304.000000 -0.039511383 0.072867863 0.506577730 -0.005409357 0.004288557 -0.000479932 0.999976039
1745116604292037376.000000 -0.040812731 0.073714122 0.517055929 -0.006381521 0.005812852 -0.000688137 0.999962509
1745116604395473920.000000 -0.042668737 0.076427355 0.531103611 -0.005407769 0.006747586 -0.001290637 0.999961793
1745116604498034944.000000 -0.041957591 0.078318417 0.540472031 -0.005538198 0.005436934 -0.001335634 0.999969006
1745116604590968064.000000 -0.043201931 0.079928286 0.549828708 -0.004943667 0.007066602 -0.001599773 0.999961555
1745116604692574976.000000 -0.044616453 0.081220426 0.559563577 -0.006066068 0.008617002 -0.002236849 0.999942005
1745116604796724992.000000 -0.044160541 0.082778439 0.569047391 -0.006000049 0.007709078 -0.002440254 0.999949396
1745116604900009216.000000 -0.044838440 0.086541608 0.581532240 -0.003846321 0.009284460 -0.001909700 0.999947727
1745116604992099328.000000 -0.041909065 0.091783911 0.587625086 -0.001449105 -0.008956920 0.004030460 0.999950707
1745116605095031296.000000 -0.045144968 0.089706622 0.587754071 -0.001273808 -0.011288612 0.003583465 0.999929130
1745116605197235200.000000 -0.046848174 0.087895446 0.587567687 -0.004584275 -0.023955345 0.004382467 0.999692917
1745116605290300160.000000 -0.048631590 0.087708786 0.587634683 -0.005586446 -0.034527861 0.006379709 0.999367774
1745116605393982208.000000 -0.051513642 0.086218379 0.588383436 -0.007440637 -0.043912493 0.006608020 0.998985887
1745116605497363968.000000 -0.055497218 0.083761424 0.588585138 -0.010971021 -0.059350610 0.007947291 0.998145282
1745116605600192000.000000 -0.056072291 0.083653428 0.587901533 -0.011627920 -0.070727251 0.009307520 0.997384489
1745116605693913344.000000 -0.057031401 0.083392538 0.587762356 -0.011829886 -0.083370261 0.010252505 0.996395707
1745116605799910912.000000 -0.058498438 0.083985746 0.587412477 -0.011465671 -0.092774823 0.012112092 0.995547473
1745116605892440064.000000 -0.059583403 0.084069274 0.586625814 -0.011426514 -0.105257072 0.012772092 0.994297385
1745116605994885120.000000 -0.064560279 0.083420262 0.585953414 -0.012665866 -0.110651545 0.015163096 0.993662953
1745116606097039104.000000 -0.065489411 0.085073315 0.585427523 -0.009672727 -0.123524047 0.013944152 0.992196441
1745116606199351040.000000 -0.066793442 0.085470043 0.583688915 -0.009077788 -0.140796095 0.014685312 0.989888072
1745116606291911168.000000 -0.067586720 0.086376220 0.584832191 -0.007835734 -0.153034389 0.015471579 0.988068700
1745116606397333248.000000 -0.068472296 0.086036220 0.584657013 -0.008621561 -0.164079800 0.015845241 0.986282170
1745116606491384320.000000 -0.069619052 0.086700469 0.584679127 -0.007244227 -0.176077932 0.017065989 0.984201729
1745116606593799168.000000 -0.070013992 0.087285884 0.584563255 -0.006484848 -0.188567564 0.017846443 0.981876612
1745116606698383360.000000 -0.070557095 0.087302931 0.585499644 -0.006420165 -0.201591507 0.017987197 0.979283512
1745116606802103040.000000 -0.071318872 0.087692998 0.586127281 -0.006289411 -0.219601825 0.019331351 0.975377798
1745116606895295232.000000 -0.074666008 0.090878271 0.582847953 -0.001949048 -0.226550996 0.021096624 0.973768830
1745116606997575936.000000 -0.072302319 0.087914251 0.586842358 -0.006321126 -0.245302826 0.020784743 0.969203115
1745116607099581952.000000 -0.073492408 0.089731686 0.585781336 -0.004091686 -0.256596625 0.020564267 0.966291130
1745116607202182144.000000 -0.075023077 0.091925442 0.584153712 -0.001327261 -0.266838193 0.022256322 0.963483453
1745116607295606016.000000 -0.076190680 0.091491893 0.584565401 -0.002013364 -0.279120028 0.022271661 0.959995866
1745116607397638912.000000 -0.077327251 0.091714688 0.585842550 -0.002427245 -0.298448265 0.025381524 0.954085231
1745116607500998912.000000 -0.077311337 0.091723002 0.585828364 -0.002802497 -0.311178654 0.025029115 0.950017750
1745116607593761280.000000 -0.077359810 0.091730192 0.585912645 -0.003399375 -0.323201865 0.027200395 0.945932925
1745116607705669120.000000 -0.077415720 0.091759600 0.585991919 -0.002834148 -0.335078418 0.027969347 0.941770732
1745116607798302208.000000 -0.077415518 0.091750279 0.586046815 -0.003015886 -0.345580608 0.029399674 0.937923551
1745116607900077056.000000 -0.077373669 0.091767617 0.585981131 -0.002272077 -0.355775654 0.029732047 0.934095562
1745116608004050944.000000 -0.077677667 0.091714375 0.586483240 -0.000237757 -0.369545728 0.032123473 0.928657055
1745116608095661056.000000 -0.078582667 0.091579169 0.588208318 0.001813776 -0.393367469 0.031919330 0.918825328
1745116608199297280.000000 -0.089620918 0.090307429 0.596650660 -0.001470272 -0.406892121 0.030879645 0.912952960
1745116608301335040.000000 -0.097695284 0.088718280 0.604554892 -0.003463930 -0.422214806 0.029421797 0.906011641
1745116608403665920.000000 -0.102423236 0.090969354 0.606310725 -0.001502799 -0.434707761 0.032206245 0.899994254
1745116608496609280.000000 -0.108241200 0.091479160 0.611512184 -0.001370460 -0.450488299 0.032711659 0.892181814
1745116608598441216.000000 -0.114216469 0.093366489 0.608639300 0.001195397 -0.462337822 0.036999371 0.885930777
1745116608701359360.000000 -0.119215868 0.093290955 0.612391949 0.000833624 -0.475928009 0.037094243 0.878701270
1745116608796189184.000000 -0.124259673 0.095877543 0.612196088 0.004958983 -0.484382421 0.037939459 0.874019265
1745116608899002368.000000 -0.128970563 0.097225085 0.612978101 0.005836923 -0.494776338 0.038390867 0.868152320
1745116609001332992.000000 -0.134166837 0.098264515 0.614256799 0.006343489 -0.506356061 0.038929928 0.861421943
1745116609104250880.000000 -0.139202148 0.099046990 0.616613567 0.006743777 -0.518525124 0.039985586 0.854100347
1745116609205650944.000000 -0.148232743 0.101015180 0.618341804 0.009224446 -0.535185516 0.041669890 0.843655765
1745116609299105280.000000 -0.152787045 0.101826854 0.619237065 0.010211156 -0.545909345 0.043575816 0.836647987
1745116609401929216.000000 -0.159961313 0.103819579 0.621356785 0.012306184 -0.557236493 0.044554602 0.829066336
1745116609494145280.000000 -0.165223256 0.105296656 0.621885896 0.014235262 -0.568540812 0.046120696 0.821237922
1745116609596257280.000000 -0.170609623 0.107179925 0.622768223 0.016737828 -0.579101145 0.047126953 0.813720286
1745116609698935040.000000 -0.175829560 0.107977673 0.622289121 0.013883198 -0.587873280 0.047245912 0.807452857
1745116609801705216.000000 -0.183478713 0.107780583 0.625555515 0.013761166 -0.600906491 0.050123349 0.797627568
1745116609894396160.000000 -0.190266833 0.111840636 0.623685122 0.021880984 -0.613993466 0.050784316 0.787371695
1745116609997195008.000000 -0.195259660 0.111783408 0.622343898 0.016670300 -0.620001018 0.048700206 0.782910705
1745116610099289088.000000 -0.203064084 0.112842336 0.624444425 0.014530156 -0.632357776 0.048629157 0.773012161
1745116610203133184.000000 -0.210023254 0.113642186 0.624155641 0.014891477 -0.641922355 0.048953474 0.765060484
1745116610315324928.000000 -0.216998458 0.115959428 0.623789430 0.016173439 -0.651731551 0.049577333 0.756654799
1745116610399857152.000000 -0.223951966 0.117085680 0.624649823 0.016334571 -0.661795259 0.051239297 0.747753203
1745116610504859904.000000 -0.231788844 0.117774673 0.623201847 0.016056281 -0.675920427 0.053218257 0.734875262
1745116610608585216.000000 -0.239848763 0.118243322 0.621308208 0.016766218 -0.684566081 0.051935449 0.726905048
1745116610711399936.000000 -0.245357603 0.119033486 0.622750878 0.016082058 -0.694846630 0.055690456 0.716818154
1745116610803717120.000000 -0.251603931 0.119295835 0.622110367 0.015944313 -0.701203227 0.056411039 0.710547388
1745116610906349056.000000 -0.255732536 0.120674022 0.620774209 0.018101715 -0.706826627 0.056818280 0.704868972
1745116611009854976.000000 -0.260681391 0.119909599 0.619783282 0.017296935 -0.711440325 0.055699818 0.700322092
1745116611103341056.000000 -0.269893229 0.120228045 0.619695365 0.016983969 -0.717154264 0.056584097 0.694405973
1745116611206494208.000000 -0.275416672 0.119450144 0.618927181 0.015482279 -0.720131755 0.057148069 0.691306531
1745116611298734080.000000 -0.281445295 0.120017245 0.618799388 0.014934054 -0.722943902 0.059018772 0.688219428
1745116611402502144.000000 -0.288195550 0.122226462 0.617324114 0.016437128 -0.723328769 0.060045086 0.687691689
1745116611505490176.000000 -0.294230372 0.122701466 0.616984010 0.016538592 -0.725134552 0.060570307 0.685738683
1745116611597527296.000000 -0.298928648 0.123055220 0.615582168 0.016427560 -0.726041317 0.060674686 0.684772074
1745116611702455040.000000 -0.308633268 0.123296477 0.615292192 0.014043200 -0.728597879 0.060245484 0.682142496
1745116611804331008.000000 -0.315230250 0.123819381 0.614445925 0.013392088 -0.729667306 0.059347559 0.681090415
1745116611908700928.000000 -0.320851296 0.124409176 0.613973856 0.014035248 -0.729545176 0.058585584 0.681274295
1745116612002382336.000000 -0.326162189 0.123686716 0.613026619 0.013455278 -0.730475962 0.058036260 0.680334985
1745116612115021312.000000 -0.331988454 0.124368861 0.612130880 0.014314322 -0.731078207 0.059221610 0.679568052
1745116612206719232.000000 -0.337373883 0.125008911 0.611426473 0.014147654 -0.731197298 0.060532335 0.679327846
1745116612308633088.000000 -0.345477223 0.124550790 0.609574795 0.015112541 -0.730453312 0.060630329 0.680098176
1745116612400350976.000000 -0.351036131 0.124272823 0.608715653 0.015643867 -0.730622232 0.061658382 0.679812312
1745116612506021376.000000 -0.356497437 0.124604195 0.607415915 0.015816476 -0.730295837 0.061679550 0.680157065
1745116612609290240.000000 -0.362535268 0.124611512 0.607942820 0.015850401 -0.730731845 0.062010627 0.679657638
1745116612704539904.000000 -0.368085414 0.125213131 0.607873082 0.015552522 -0.731180072 0.062624395 0.679126024
1745116612807319040.000000 -0.373612672 0.125226498 0.605503023 0.016048782 -0.730070889 0.063176893 0.680255532
1745116612909477888.000000 -0.382340997 0.125778601 0.602788687 0.015480609 -0.729622841 0.063854247 0.680686176
1745116613001408000.000000 -0.387700289 0.126020432 0.601219416 0.015380728 -0.729537487 0.064100929 0.680756688
1745116613103896064.000000 -0.393502623 0.125606954 0.603256106 0.014150747 -0.730995774 0.063635968 0.679260910
1745116613206275328.000000 -0.399319142 0.125750825 0.601104319 0.014400302 -0.729951799 0.063835129 0.680358887
1745116613308318208.000000 -0.405861706 0.125798777 0.604662776 0.013650759 -0.731979430 0.064315230 0.678147078
1745116613401516288.000000 -0.411370099 0.126299813 0.601699948 0.014809456 -0.730139136 0.064683467 0.680068851
1745116613504291328.000000 -0.419729352 0.127032712 0.600431204 0.014473978 -0.730083406 0.064964160 0.680109203
1745116613607567360.000000 -0.425644815 0.126868963 0.599214196 0.014057759 -0.729861259 0.064228132 0.680426180
1745116613699959040.000000 -0.431176513 0.127888247 0.598608375 0.014135545 -0.730032086 0.064915858 0.680175960
1745116613812517888.000000 -0.437681437 0.127370059 0.598261833 0.013740363 -0.730298996 0.063671663 0.680015087
1745116613904721920.000000 -0.443683505 0.128485084 0.596863747 0.014715870 -0.729618490 0.064172499 0.680677772
1745116614006983168.000000 -0.449409842 0.128641129 0.594991922 0.015158919 -0.729145527 0.064238921 0.681168497
1745116614109537024.000000 -0.458107352 0.128518000 0.593899548 0.014564801 -0.729492724 0.064033009 0.680828929
1745116614212515072.000000 -0.463620245 0.128594413 0.592071712 0.014780890 -0.728601336 0.064322725 0.681750834
1745116614304044288.000000 -0.469962299 0.129990965 0.593379736 0.015803928 -0.729943156 0.065776922 0.680151939
1745116614416819200.000000 -0.475250483 0.129190505 0.591552734 0.015232863 -0.728881955 0.065105371 0.681366563
1745116614509204992.000000 -0.481530130 0.129162252 0.591556907 0.015096607 -0.729376018 0.064980231 0.680852711
1745116614611578112.000000 -0.487060070 0.129744157 0.590981603 0.014596072 -0.729600370 0.064959958 0.680625141
1745116614703706368.000000 -0.496261001 0.130597994 0.589312613 0.015200971 -0.729221940 0.064933442 0.681019783
1745116614805649920.000000 -0.501225471 0.130384073 0.589554906 0.015560391 -0.729896545 0.065114744 0.680271268
1745116614908975104.000000 -0.507066190 0.129245937 0.588782787 0.014198426 -0.729850411 0.064370953 0.680421412
1745116615011659264.000000 -0.512638330 0.130821332 0.586874962 0.014541960 -0.728830516 0.064657122 0.681479335
1745116615106425344.000000 -0.518901825 0.131753564 0.586518764 0.014914654 -0.729046345 0.065286443 0.681180358
1745116615218918912.000000 -0.524723411 0.131569043 0.586471021 0.014501169 -0.729330957 0.065665141 0.680848122
1745116615310586880.000000 -0.533089101 0.130963609 0.584072530 0.014752627 -0.727923393 0.064970955 0.682413936
1745116615412386304.000000 -0.539170444 0.131123707 0.583771467 0.014860990 -0.728110135 0.064722456 0.682235956
1745116615515703296.000000 -0.544800341 0.130905047 0.583553612 0.014025437 -0.728141308 0.063936502 0.682294428
1745116615609481984.000000 -0.550366282 0.131290898 0.582106650 0.013869938 -0.727363408 0.064375788 0.683085561
1745116615712048384.000000 -0.556281686 0.130487502 0.581991673 0.013146024 -0.727915525 0.064379022 0.682511270
1745116615815319040.000000 -0.562204123 0.131804168 0.580589771 0.014113822 -0.726695061 0.064978525 0.683734536
1745116615909143296.000000 -0.568107367 0.133532166 0.580128968 0.015362852 -0.726408422 0.066599965 0.683856189
1745116616011891200.000000 -0.576397836 0.132690206 0.578752577 0.013783906 -0.725686252 0.066410221 0.684674561
1745116616113676032.000000 -0.582324922 0.133109272 0.578914821 0.013467056 -0.726034284 0.067047887 0.684249580
1745116616206650368.000000 -0.588052809 0.132385135 0.577770531 0.013109284 -0.725129604 0.066768825 0.685242414
1745116616319101952.000000 -0.594028056 0.132396728 0.577797115 0.013094675 -0.725678384 0.067183696 0.684620976
1745116616410496000.000000 -0.599546492 0.133173436 0.576412916 0.013689408 -0.725060284 0.067535505 0.685229242
1745116616512870144.000000 -0.605174363 0.132890671 0.575055242 0.013746644 -0.724257827 0.067374550 0.686092079
1745116616606696960.000000 -0.614367187 0.133447051 0.574715018 0.014655168 -0.724193096 0.066996612 0.686178565
1745116616710722304.000000 -0.620037079 0.133114278 0.573791921 0.014335711 -0.724101543 0.065681227 0.686409175
1745116616814675200.000000 -0.625631571 0.132860184 0.572740912 0.014038827 -0.723847151 0.065691382 0.686682582
1745116616918438912.000000 -0.631052256 0.133140057 0.570343316 0.013754060 -0.722507775 0.065687254 0.688097894
1745116617010905344.000000 -0.636096776 0.133255288 0.568075657 0.013979089 -0.721542537 0.066286825 0.689047933
1745116617114757376.000000 -0.640909076 0.133441627 0.566038847 0.014613152 -0.720351517 0.067258194 0.690185905
1745116617216965888.000000 -0.651399076 0.133271843 0.569863915 0.013056722 -0.724236012 0.067587577 0.686107695
1745116617309389056.000000 -0.656893194 0.133572653 0.568985403 0.013459470 -0.723649919 0.067605935 0.686716199
1745116617411731968.000000 -0.662352860 0.133374840 0.567810893 0.013848810 -0.723136425 0.067323297 0.687276900
1745116617513806080.000000 -0.667686045 0.133401871 0.565878212 0.014181535 -0.722202659 0.066767804 0.688305378
1745116617616843264.000000 -0.673867285 0.134624928 0.566370308 0.014794289 -0.723012328 0.067619823 0.687358618
1745116617709187328.000000 -0.680192232 0.134993896 0.566903353 0.014557762 -0.724012792 0.067791410 0.686292946
1745116617810801920.000000 -0.688117325 0.135537475 0.563737810 0.015521755 -0.721097887 0.067190424 0.689392745
1745116617914299904.000000 -0.693916678 0.135752901 0.562518656 0.015998229 -0.720116258 0.066356219 0.690487981
1745116618016259072.000000 -0.699818134 0.135406032 0.562183499 0.014643665 -0.720150352 0.065678589 0.690547228
1745116618118320896.000000 -0.705626369 0.136313424 0.560598612 0.012026263 -0.719710529 0.064332880 0.691182733
1745116618209967104.000000 -0.712745845 0.137176841 0.561122358 0.012266197 -0.720452428 0.062446784 0.690578222
1745116618312304384.000000 -0.717961490 0.136462212 0.559594154 0.010646069 -0.719425499 0.062395319 0.691679537
1745116618414201344.000000 -0.725949228 0.136546731 0.558708370 0.011019802 -0.719389379 0.064221643 0.691544056
1745116618516867072.000000 -0.730951130 0.136973977 0.557019174 0.012332371 -0.717649519 0.065196387 0.693236351
1745116618618959104.000000 -0.737379074 0.137718350 0.557190597 0.012718447 -0.718139231 0.065251291 0.692716837
1745116618711058176.000000 -0.742933393 0.137701720 0.556369603 0.011794441 -0.717239499 0.065597929 0.693632066
1745116618812451072.000000 -0.748925388 0.137990803 0.556156576 0.011465132 -0.717849195 0.065995455 0.692968845
1745116618916483072.000000 -0.754277825 0.137910455 0.554628134 0.010398689 -0.716373503 0.065154396 0.694590390
1745116619009153024.000000 -0.763608873 0.138728961 0.553986907 0.011508121 -0.716002584 0.066355914 0.694841564
1745116619111534080.000000 -0.769032240 0.138479739 0.552902162 0.011264199 -0.715221584 0.066123575 0.695671558
1745116619213527296.000000 -0.774537206 0.138445944 0.552094877 0.011370321 -0.714409351 0.066542484 0.696464002
1745116619315504384.000000 -0.780414045 0.138027430 0.551830411 0.012149657 -0.715224862 0.067706592 0.695501089
1745116619417298176.000000 -0.785552442 0.138616651 0.550446153 0.013477767 -0.713907659 0.068951532 0.696706593
1745116619509885952.000000 -0.791269422 0.137792557 0.550111115 0.014162036 -0.713974357 0.069694862 0.696550548
1745116619612455168.000000 -0.799465656 0.138835102 0.547808945 0.014687749 -0.711148322 0.069796331 0.699414670
1745116619714916352.000000 -0.805914462 0.140251502 0.548354745 0.016563354 -0.712340295 0.071284391 0.698008299
1745116619817228032.000000 -0.810434163 0.139409661 0.545633435 0.015171383 -0.708701134 0.069672130 0.701896250
1745116619918617344.000000 -0.816238463 0.139783949 0.545451164 0.014800659 -0.709036827 0.070624210 0.701469958
1745116620011483904.000000 -0.822530508 0.140298188 0.545787692 0.016305370 -0.710525274 0.071136303 0.699876964
1745116620113883904.000000 -0.828086793 0.140026122 0.544773996 0.015294891 -0.709019959 0.071077324 0.701430619
1745116620216600064.000000 -0.833077848 0.140422046 0.544064283 0.016179251 -0.708144367 0.071359068 0.702266157
1745116620319052288.000000 -0.839193225 0.138706565 0.542627633 0.008514366 -0.707227647 0.068587698 0.703599632
1745116620412175872.000000 -0.841006935 0.142370135 0.540423155 0.017031178 -0.714430928 0.073999949 0.695573449
1745116620517921280.000000 -0.840406060 0.140923768 0.540198386 0.013468622 -0.721754968 0.074738115 0.687969983
1745116620620624896.000000 -0.840770662 0.140216663 0.539545238 0.011743293 -0.728235841 0.074086577 0.681209087
1745116620713584896.000000 -0.840299964 0.140145868 0.538310409 0.011831524 -0.735241532 0.074764147 0.673565328
1745116620816188160.000000 -0.840633035 0.140957519 0.538274765 0.013328376 -0.744167268 0.076617979 0.663450897
1745116620917867264.000000 -0.839834869 0.142396659 0.536174834 0.014965463 -0.753511190 0.080488026 0.652317882
1745116621021218048.000000 -0.839986444 0.142558873 0.536286891 0.015914416 -0.761599243 0.081083708 0.642758667
1745116621124086016.000000 -0.839531839 0.142228961 0.535223782 0.015234010 -0.768267691 0.081095509 0.634788454
1745116621215800320.000000 -0.839108944 0.143479437 0.533625960 0.017124176 -0.773052156 0.084587038 0.628444314
1745116621319592960.000000 -0.838736892 0.144060791 0.531992435 0.017794849 -0.778430402 0.086909927 0.621430695
1745116621421965056.000000 -0.838721931 0.144290552 0.531786680 0.018001180 -0.786138177 0.087889299 0.611504912
1745116621514010880.000000 -0.837545991 0.144514710 0.529525101 0.018718446 -0.793538690 0.089412048 0.601624131
1745116621616052992.000000 -0.837850809 0.144459665 0.529520988 0.018997984 -0.800885201 0.089215428 0.591829956
1745116621719857920.000000 -0.836740017 0.146703154 0.526575804 0.022690022 -0.803094327 0.094291672 0.587906361
1745116621822478336.000000 -0.836960793 0.147098124 0.526712775 0.023427656 -0.810468495 0.095954582 0.577394843
1745116621914524928.000000 -0.836693048 0.146997601 0.525797963 0.023358522 -0.816418290 0.095563687 0.569019437
1745116622027336960.000000 -0.834940493 0.148727342 0.522162437 0.025895966 -0.817961931 0.099726237 0.565970361
1745116622125838336.000000 -0.834102869 0.146284595 0.521246672 0.021338996 -0.827425599 0.095724255 0.552945316
1745116622219964928.000000 -0.834374309 0.146223247 0.521119356 0.020824008 -0.834962249 0.096067280 0.541456819
1745116622321729280.000000 -0.834138036 0.146227136 0.521205485 0.021932973 -0.841961741 0.094840817 0.530683219
1745116622424035072.000000 -0.834209919 0.146277219 0.521115959 0.021727705 -0.848994553 0.096294358 0.519098878
1745116622516520960.000000 -0.834529400 0.146308690 0.520967305 0.021827769 -0.855678797 0.095480278 0.508154511
1745116622620334080.000000 -0.834484279 0.146338001 0.521013081 0.022782801 -0.862452447 0.095500387 0.496524394
1745116622722192128.000000 -0.835123181 0.146394327 0.520703614 0.022620648 -0.872062087 0.096412003 0.479271144
1745116622823908096.000000 -0.835220516 0.146384329 0.520639539 0.022160370 -0.878084779 0.096557073 0.468137652
1745116622917408000.000000 -0.835140288 0.146486744 0.520708919 0.022615690 -0.884147167 0.097160950 0.456434220
1745116623020831232.000000 -0.835465491 0.146476507 0.520473003 0.022466797 -0.889545858 0.097806826 0.445687503
1745116623123563008.000000 -0.835085869 0.146489352 0.520744681 0.023702445 -0.895061493 0.097462833 0.434515983
1745116623216079360.000000 -0.835110128 0.146524876 0.520774126 0.024063008 -0.899490654 0.097612485 0.425216854
1745116623319083264.000000 -0.835007846 0.146509677 0.520732939 0.023473179 -0.906775892 0.100897484 0.408688396
1745116623423578368.000000 -0.838417947 0.147103339 0.518730760 0.026213668 -0.916613281 0.102287911 0.385577798
1745116623525797120.000000 -0.844102502 0.147981033 0.515085459 0.027135735 -0.924421906 0.103282541 0.366115540
1745116623629219328.000000 -0.843751490 0.148886412 0.508615971 0.028522957 -0.926394761 0.106623121 0.360014915
1745116623720775168.000000 -0.845658720 0.145994157 0.503939629 0.026777463 -0.931476355 0.101046562 0.348460019
1745116623824520960.000000 -0.851152301 0.145971671 0.500758350 0.026030656 -0.938838124 0.102892101 0.327595294
1745116623926439936.000000 -0.852499306 0.149531990 0.490791261 0.029960794 -0.941588283 0.112511754 0.315998375
1745116624020581888.000000 -0.856618106 0.149158180 0.486281395 0.030916285 -0.947175622 0.112359859 0.298793912
1745116624122789120.000000 -0.860166252 0.148928031 0.481672943 0.031568628 -0.952286124 0.112821244 0.281826258
1745116624224637952.000000 -0.859719634 0.149383336 0.474034071 0.032434650 -0.953146160 0.114077903 0.278292447
1745116624326902272.000000 -0.861990392 0.149129719 0.469142437 0.033492945 -0.956820130 0.115250677 0.264746785
1745116624419252224.000000 -0.862729728 0.148608074 0.463845998 0.033461921 -0.959717095 0.115058213 0.254135817
1745116624521515008.000000 -0.865209758 0.148227692 0.457164854 0.034225557 -0.964598417 0.116055548 0.234328151
1745116624623829248.000000 -0.866461277 0.148249686 0.449653387 0.035817422 -0.967125416 0.115387097 0.223766416
1745116624726054912.000000 -0.868195236 0.148165017 0.443506300 0.035747979 -0.970013022 0.115257040 0.210980371
1745116624827872000.000000 -0.869837046 0.148150504 0.437778056 0.038228195 -0.972781718 0.114328615 0.197897613
1745116624930432000.000000 -0.870188713 0.147533759 0.432025820 0.038443070 -0.974608243 0.115157992 0.188147813
1745116625022608128.000000 -0.871027887 0.147041947 0.425817072 0.039545428 -0.977009594 0.114367813 0.175523266
1745116625125491200.000000 -0.872049391 0.146646634 0.417055607 0.041324120 -0.980258524 0.114309855 0.155945361
1745116625219804928.000000 -0.872273862 0.146685034 0.410964608 0.042033736 -0.981933773 0.115461960 0.143902123
1745116625333609984.000000 -0.872717798 0.146500722 0.404741615 0.043230642 -0.983643115 0.115968212 0.130876809
1745116625425675264.000000 -0.873033047 0.146277040 0.398531199 0.043609213 -0.984983146 0.117516689 0.118727975
1745116625529230080.000000 -0.872750223 0.145949647 0.392900974 0.043260161 -0.986348450 0.117301673 0.107170895
1745116625620638976.000000 -0.872939885 0.145698339 0.386768639 0.043684740 -0.987600446 0.117793895 0.094136521
1745116625723241216.000000 -0.873223722 0.146900296 0.377132773 0.045357510 -0.989340484 0.117044382 0.073816247
1745116625825580032.000000 -0.873485148 0.146470532 0.370589495 0.045356002 -0.990453362 0.115529269 0.059984345
1745116625927238912.000000 -0.874033809 0.146533459 0.364188373 0.044661198 -0.991313815 0.115102269 0.045318812
1745116626030063104.000000 -0.868867815 0.151368842 0.359698206 0.046423137 -0.990766227 0.121670201 0.037730556
1745116626132179968.000000 -0.868005335 0.151119977 0.353125155 0.046424676 -0.991310060 0.120457977 0.025279321
1745116626226370048.000000 -0.865109980 0.152262032 0.347951114 0.046243541 -0.991361141 0.121851578 0.014729341
1745116626329790976.000000 -0.864154577 0.152342394 0.337564796 -0.047895133 0.991349936 -0.122114763 0.004401118
1745116626432222208.000000 -0.863162041 0.152084872 0.331067204 -0.047557451 0.991322279 -0.121224754 0.017976496
1745116626524503296.000000 -0.860700667 0.153977185 0.325334966 -0.048497707 0.990742445 -0.123275548 0.029672602
1745116626637174016.000000 -0.858886182 0.157214761 0.318536848 -0.049871862 0.989825487 -0.126532778 0.041806400
1745116626731098112.000000 -0.856831253 0.159847483 0.312314153 -0.051279392 0.988874853 -0.130163953 0.050540268
1745116626833637888.000000 -0.859022558 0.161429897 0.303438127 -0.052156091 0.987649262 -0.133184999 0.063956887
1745116626925859328.000000 -0.854253948 0.161239713 0.294880748 -0.052289560 0.987299085 -0.132239670 0.070844822
1745116627038369280.000000 -0.852917373 0.162634686 0.287709594 -0.052770089 0.986539125 -0.134241268 0.077040017
1745116627130252032.000000 -0.850017369 0.162159950 0.282359302 -0.053036273 0.986394048 -0.133736148 0.079552777
1745116627232345088.000000 -0.847325444 0.161258668 0.276141584 -0.053528301 0.986252666 -0.133238420 0.081779741
1745116627326631168.000000 -0.845353067 0.161307171 0.270717978 -0.053101365 0.985852420 -0.134257883 0.085147299
1745116627429491968.000000 -0.843131542 0.161677182 0.264219522 -0.054407291 0.985672235 -0.135246083 0.084844396
1745116627532208128.000000 -0.841169178 0.160423979 0.257383883 -0.054370087 0.985748351 -0.133539483 0.086667404
1745116627637227008.000000 -0.836749792 0.160612717 0.248869896 -0.054044697 0.985717118 -0.133717179 0.086952128
1745116627729160960.000000 -0.834621012 0.160569012 0.242578089 -0.054881655 0.985488772 -0.134712428 0.087478764
1745116627831439872.000000 -0.832543254 0.160300374 0.236239910 -0.055381931 0.985340834 -0.135120511 0.088197723
1745116627934181888.000000 -0.828863621 0.160511777 0.231369078 -0.055316396 0.985382438 -0.136440858 0.085705496
1745116628036523008.000000 -0.826050103 0.160059363 0.225822628 -0.055222884 0.985396206 -0.136969343 0.084760077
1745116628128477952.000000 -0.821965158 0.159401298 0.216711938 -0.055015638 0.985751927 -0.135577768 0.082976215
1745116628231249152.000000 -0.818500340 0.157785207 0.211240709 -0.054494061 0.986310720 -0.133108974 0.080645345
1745116628334887936.000000 -0.815756798 0.157113239 0.205580503 -0.053313974 0.986377060 -0.133668751 0.079690568
1745116628428175872.000000 -0.813591301 0.157151610 0.199334741 -0.053098697 0.986462057 -0.133835480 0.078493640
1745116628530673920.000000 -0.811516166 0.156845912 0.193556517 -0.053145837 0.986390173 -0.135844141 0.075870886
1745116628633543936.000000 -0.809784412 0.155761957 0.187319934 -0.052520219 0.986467779 -0.136614025 0.073888719
1745116628739485952.000000 -0.807199836 0.155026585 0.181542456 -0.052733738 0.986649632 -0.136447743 0.071580112
1745116628831282176.000000 -0.803524375 0.153021693 0.172221512 -0.052814517 0.987152576 -0.134409010 0.068371594
1745116628932971008.000000 -0.802222729 0.152230933 0.165441066 -0.052791566 0.987090051 -0.134496257 0.069116898
1745116629034984192.000000 -0.800072134 0.151695967 0.159714907 -0.052276675 0.987142324 -0.135069028 0.067628130
1745116629136764160.000000 -0.798109829 0.150858417 0.154145032 -0.051793866 0.987380922 -0.134227008 0.066177018
1745116629229445120.000000 -0.795370519 0.149412841 0.149609834 -0.050162654 0.988090336 -0.131097957 0.063043714
1745116629332817152.000000 -0.793614030 0.149782091 0.147019207 -0.052097365 0.986988485 -0.130673066 0.077873006
1745116629437318144.000000 -0.793231189 0.149640232 0.146870613 -0.050190113 0.985935390 -0.130174845 0.092015974
1745116629538889216.000000 -0.792198241 0.149811462 0.147327662 -0.049682770 0.985224485 -0.128499180 0.101746090
1745116629632414976.000000 -0.791202247 0.149380296 0.147252619 -0.050981127 0.984130025 -0.126638100 0.113365911
1745116629735160064.000000 -0.789308369 0.150920644 0.147082627 -0.049806304 0.982752264 -0.128252134 0.123566844
1745116629837351168.000000 -0.790613294 0.149348274 0.146322489 -0.051450893 0.981082916 -0.124361910 0.139151931
1745116629941515264.000000 -0.790651441 0.149137408 0.145959020 -0.051995724 0.979143262 -0.123126939 0.153018773
1745116630032755200.000000 -0.793903112 0.151205242 0.144458055 -0.053664349 0.974394858 -0.125390187 0.178751409
1745116630134777344.000000 -0.793760657 0.151177779 0.144300401 -0.053979144 0.972142816 -0.123988502 0.191445634
1745116630236891904.000000 -0.793916583 0.151198834 0.144263089 -0.054599851 0.969594955 -0.122886151 0.204459161
1745116630329690112.000000 -0.793622255 0.151108056 0.144123197 -0.055731185 0.966982484 -0.121830024 0.216786608
1745116630433754112.000000 -0.793654799 0.151133567 0.144221067 -0.055165812 0.964093506 -0.120571807 0.230093539
1745116630536855296.000000 -0.793468714 0.150929034 0.143951535 -0.057738461 0.960887849 -0.119747713 0.242943093
1745116630642127360.000000 -0.793379903 0.150842652 0.143822432 -0.059803877 0.955756724 -0.118363053 0.262569696
1745116630736175360.000000 -0.793197632 0.150857389 0.143638968 -0.061495610 0.952286243 -0.117472723 0.274899006
1745116630837859072.000000 -0.792920232 0.150774285 0.143401265 -0.062110808 0.948873460 -0.116200238 0.286843002
1745116630940169216.000000 -0.793115795 0.150798947 0.143558979 -0.063829742 0.945041776 -0.114882238 0.299372733
1745116631043418880.000000 -0.793216825 0.150769264 0.143620491 -0.064666927 0.941254258 -0.113454588 0.311426967
1745116631135437312.000000 -0.793273270 0.150834054 0.143684924 -0.064549275 0.937188625 -0.112101220 0.323950946
1745116631237752320.000000 -0.793088078 0.150424033 0.143467188 -0.069191560 0.930585861 -0.109363675 0.342435509
1745116631339476224.000000 -0.793108106 0.150435716 0.143452346 -0.071008518 0.925880373 -0.108468860 0.354877472
1745116631444427008.000000 -0.793078005 0.150399953 0.143406093 -0.071266316 0.921389401 -0.106872328 0.366798401
1745116631535845376.000000 -0.792910397 0.150388271 0.143277287 -0.072403245 0.916174293 -0.105641276 0.379766285
1745116631641632000.000000 -0.792774498 0.150313586 0.143092215 -0.073027588 0.911020398 -0.104881473 0.392057031
1745116631743688192.000000 -0.792303503 0.150516868 0.142955899 -0.068591841 0.902968347 -0.102772444 0.411559522
1745116631835227904.000000 -0.791491151 0.150199741 0.141457677 -0.073862776 0.888886571 -0.097204037 0.441561282
1745116631939003904.000000 -0.790830374 0.150112033 0.140721440 -0.074094556 0.880969703 -0.094847694 0.457609475
1745116632032776960.000000 -0.790228724 0.149935842 0.139745116 -0.073970906 0.871526539 -0.090137891 0.476282418
1745116632135856128.000000 -0.789376378 0.149982244 0.139103115 -0.073523335 0.863923490 -0.087381564 0.490504831
1745116632239225088.000000 -0.788402498 0.150101840 0.138363421 -0.071862444 0.855973899 -0.085029818 0.504890501
1745116632340958976.000000 -0.787477911 0.150297314 0.137899816 -0.071099244 0.848776817 -0.083466575 0.517258286
1745116632443487232.000000 -0.786622167 0.150514126 0.137515903 -0.069655515 0.841515601 -0.082761094 0.529292285
1745116632545451264.000000 -0.785677552 0.150961831 0.137309372 -0.070086025 0.831072748 -0.081389621 0.545693874
1745116632638042112.000000 -0.785025954 0.151064292 0.137142003 -0.069265366 0.824110925 -0.079308636 0.556555212
1745116632741263104.000000 -0.784175873 0.151312917 0.136891961 -0.069994174 0.816648185 -0.080388442 0.567207396
1745116632842878208.000000 -0.783384204 0.151421279 0.136752188 -0.070200838 0.809353232 -0.077353314 0.577958167
1745116632934340352.000000 -0.782632530 0.151634172 0.136540949 -0.070031382 0.801117659 -0.077241704 0.589355409
1745116633037090048.000000 -0.781959295 0.151896775 0.136512637 -0.071878389 0.793558478 -0.078718528 0.599084198
1745116633138480128.000000 -0.780796528 0.152104020 0.136332989 -0.071539335 0.782073557 -0.076613039 0.614307344
1745116633243016960.000000 -0.780080676 0.152277738 0.136260569 -0.070915751 0.773976147 -0.075673439 0.624664187
1745116633344563968.000000 -0.779394031 0.152502745 0.136194170 -0.070833676 0.765471995 -0.075230405 0.635118604
1745116633447714048.000000 -0.778949082 0.152685493 0.136379182 -0.072040431 0.757191479 -0.074585184 0.644909561
1745116633539178240.000000 -0.778386712 0.152733594 0.136242211 -0.071539134 0.748254776 -0.071934171 0.655608475
1745116633640909312.000000 -0.777250409 0.153097957 0.136454344 -0.071657285 0.736236393 -0.069692068 0.669301331
1745116633743261184.000000 -0.776520312 0.153235182 0.136519909 -0.071391925 0.727281868 -0.067945734 0.679225802
1745116633835984896.000000 -0.775993943 0.153422147 0.136579335 -0.072119601 0.717713773 -0.067393951 0.689306736
1745116633941189888.000000 -0.775003135 0.153577864 0.136682689 -0.070849203 0.708847880 -0.064362183 0.698836684
1745116634042692096.000000 -0.774264753 0.153911486 0.136864781 -0.070133135 0.700303137 -0.064243294 0.707481265
1745116634144513024.000000 -0.773276627 0.154098123 0.136974871 -0.070522964 0.690956652 -0.063416794 0.716647565
1745116634247136000.000000 -0.772220850 0.154352367 0.137418330 -0.070069239 0.677813888 -0.059930056 0.729429364
1745116634340171008.000000 -0.771174669 0.154539257 0.137446225 -0.071597852 0.668681026 -0.057826031 0.737831712
1745116634453067008.000000 -0.770457327 0.154946312 0.137889743 -0.073791757 0.663441956 -0.060269605 0.742136955
1745116634557066240.000000 -0.769244313 0.154902071 0.137723356 -0.070985556 0.657052994 -0.054346476 0.748524487
1745116634649178368.000000 -0.768484950 0.155026168 0.137910217 -0.070270859 0.652808487 -0.053682759 0.752343833
1745116634753217280.000000 -0.767635405 0.155144274 0.138049871 -0.070424713 0.649677515 -0.051777676 0.755167961
1745116634846363136.000000 -0.766319454 0.155372232 0.138332903 -0.073998719 0.647859931 -0.051060475 0.756435454
1745116634950333184.000000 -0.765688539 0.155630440 0.138497919 -0.072938360 0.643038392 -0.052284036 0.760557711
1745116635051984128.000000 -0.764876783 0.155723482 0.138643891 -0.071343474 0.641481400 -0.051097549 0.762102842
1745116635154136064.000000 -0.764356315 0.155816168 0.138866931 -0.071318477 0.640001714 -0.051447462 0.763324797
1745116635245723136.000000 -0.763740063 0.155941293 0.138949782 -0.070564136 0.637936056 -0.051875878 0.765092909
1745116635359160064.000000 -0.762635589 0.156165361 0.139136165 -0.070316188 0.636582613 -0.051472958 0.766269445
1745116635452646912.000000 -0.761536479 0.156405419 0.139328331 -0.070393793 0.635164618 -0.050378658 0.767510712
1745116635544180224.000000 -0.760611832 0.156588763 0.139521331 -0.070759825 0.634934306 -0.049860075 0.767701447
1745116635657376000.000000 -0.759848237 0.156731620 0.139667749 -0.071123295 0.634971321 -0.050386034 0.767602861
1745116635750636032.000000 -0.759185135 0.156951070 0.139823198 -0.070895381 0.635294676 -0.051816210 0.767261147
1745116635853459968.000000 -0.758273602 0.157141954 0.140077293 -0.071188264 0.635493875 -0.053008873 0.766987562
1745116635945116160.000000 -0.757536292 0.157306165 0.140255123 -0.071213871 0.635444582 -0.052883662 0.767034709
1745116636048190976.000000 -0.756333828 0.157472312 0.140550345 -0.070252724 0.635426521 -0.054236170 0.767043769
1745116636152188928.000000 -0.755671024 0.157586277 0.140749097 -0.067057163 0.635155439 -0.055738449 0.767446578
1745116636254103296.000000 -0.755060911 0.157973126 0.140975177 -0.067323938 0.635826707 -0.055375941 0.766893387
1745116636356547072.000000 -0.754018307 0.158137202 0.141025662 -0.069132529 0.635156691 -0.054316744 0.767363250
1745116636459953152.000000 -0.753318667 0.158216357 0.141193837 -0.069169842 0.635370612 -0.053851109 0.767215610
1745116636551812096.000000 -0.752515614 0.158459798 0.141362339 -0.069420353 0.635198772 -0.054336455 0.767301142
1745116636653556992.000000 -0.751185060 0.158567250 0.141755641 -0.070703834 0.634674788 -0.054006238 0.767640710
1745116636758789376.000000 -0.750483274 0.158808947 0.141881436 -0.070633307 0.634365380 -0.054611620 0.767860055
1745116636855952896.000000 -0.749729037 0.158901602 0.142084837 -0.070971154 0.635299742 -0.054568168 0.767059088
1745116636948487168.000000 -0.748874187 0.159150317 0.142321199 -0.071414419 0.635563016 -0.055411588 0.766739368
1745116637052599296.000000 -0.748139858 0.159333646 0.142473727 -0.071186483 0.635116160 -0.055196270 0.767146349
1745116637155117312.000000 -0.747420132 0.159427613 0.142609775 -0.071246110 0.634446681 -0.054277293 0.767760038
1745116637256868096.000000 -0.746452749 0.159682333 0.142815471 -0.070861153 0.634158790 -0.054364581 0.768027246
1745116637348643072.000000 -0.745313406 0.159825876 0.142986059 -0.070231535 0.633715868 -0.053004354 0.768545628
1745116637451297024.000000 -0.744567275 0.160124242 0.143214643 -0.069776393 0.634119511 -0.052934289 0.768258929
1745116637554418944.000000 -0.743692458 0.160267234 0.143333435 -0.070417978 0.634002805 -0.052635785 0.768317163
1745116637658225920.000000 -0.742895842 0.160449654 0.143513441 -0.070143931 0.635190666 -0.052821420 0.767347753
1745116637751920128.000000 -0.742080212 0.160659611 0.143730223 -0.069744118 0.635829985 -0.053963609 0.766775012
1745116637855216896.000000 -0.740968764 0.160909340 0.143935472 -0.069263302 0.636293709 -0.055080537 0.766354382
1745116637957266176.000000 -0.740187585 0.160976619 0.144163519 -0.069029428 0.637097299 -0.055434935 0.765682042
1745116638060610048.000000 -0.739441514 0.161121890 0.144368917 -0.068766758 0.637764931 -0.055658273 0.765133440
1745116638153167872.000000 -0.738588989 0.161258996 0.144504368 -0.069239311 0.637432158 -0.055171799 0.765403390
1745116638256334336.000000 -0.737794220 0.161459893 0.144683748 -0.069151126 0.637312233 -0.056007072 0.765450537
1745116638359879936.000000 -0.737004936 0.161611572 0.144887269 -0.069390588 0.637780607 -0.056614082 0.764993906
1745116638453417984.000000 -0.735809863 0.161983162 0.145202279 -0.068733372 0.637057602 -0.057466567 0.765591919
1745116638557596928.000000 -0.735053897 0.162165403 0.145300657 -0.068454087 0.636736393 -0.057311580 0.765895724
1745116638649671936.000000 -0.734205723 0.162387967 0.145568311 -0.069221318 0.637463093 -0.057687122 0.765193701
1745116638751683328.000000 -0.733418107 0.162496090 0.145749271 -0.070235468 0.637911439 -0.057647731 0.764730573
1745116638853957120.000000 -0.732601285 0.162732571 0.145971298 -0.070565179 0.638699949 -0.057896249 0.764022946
1745116638956536064.000000 -0.731749773 0.162843317 0.146172166 -0.070805848 0.638551354 -0.057265658 0.764172435
1745116639058864384.000000 -0.730991960 0.162979484 0.146286935 -0.070599094 0.638556004 -0.057080593 0.764201522
1745116639160695040.000000 -0.729805529 0.163217470 0.146536291 -0.070534065 0.639534354 -0.057738788 0.763339400
1745116639263311104.000000 -0.729030728 0.163426161 0.146736920 -0.070060536 0.640190780 -0.058839321 0.762748539
1745116639357508096.000000 -0.728252351 0.163802370 0.146934271 -0.069534034 0.640315652 -0.059390813 0.762649179
1745116639460360960.000000 -0.727472901 0.163929820 0.147149265 -0.069275647 0.640093386 -0.059544377 0.762847245
1745116639552391936.000000 -0.726694345 0.164094314 0.147334963 -0.068966135 0.640203714 -0.059653029 0.762774229
1745116639656249344.000000 -0.725948334 0.164343715 0.147440702 -0.067782693 0.640716791 -0.061172828 0.762328923
1745116639759808000.000000 -0.724771202 0.164615095 0.147753358 -0.067559779 0.640850902 -0.060976073 0.762251854
1745116639852963328.000000 -0.723957539 0.164777100 0.147881866 -0.067506485 0.640424788 -0.060472876 0.762654603
1745116639956173056.000000 -0.723208129 0.165020704 0.148047328 -0.066686198 0.640758097 -0.060444009 0.762449145
1745116640060706048.000000 -0.722401381 0.165129960 0.148158699 -0.066376813 0.641005576 -0.060212620 0.762286305
1745116640153479168.000000 -0.721635699 0.165346727 0.148273915 -0.064797826 0.641875505 -0.061784312 0.761564076
1745116640255120896.000000 -0.720855832 0.165488929 0.148475230 -0.065744013 0.642780125 -0.062159602 0.760688901
1745116640356966144.000000 -0.719661951 0.165639341 0.148789614 -0.066798143 0.644240797 -0.063497871 0.759249568
1745116640460477184.000000 -0.718828380 0.165813774 0.148912847 -0.067364618 0.644053280 -0.063014634 0.759398878
1745116640563892224.000000 -0.718058944 0.165837169 0.148996174 -0.066850424 0.643605769 -0.062241383 0.759887278
1745116640656913152.000000 -0.717267752 0.165979564 0.149193078 -0.066884272 0.644030869 -0.061919123 0.759550452
1745116640758567936.000000 -0.716494143 0.166188806 0.149148971 -0.066136949 0.643277884 -0.061796471 0.760263562
1745116640853713920.000000 -0.715660095 0.166270286 0.149531245 -0.067733228 0.645602643 -0.061877374 0.758142948
1745116640956134912.000000 -0.714543045 0.166419476 0.149523795 -0.064047515 0.644146502 -0.061640445 0.759719551
1745116641058268160.000000 -0.713783801 0.166657805 0.149687290 -0.062422685 0.645947397 -0.063063838 0.758207262
1745116641159695104.000000 -0.712995470 0.166791290 0.149960786 -0.060536109 0.646966755 -0.061652809 0.757607043
1745116641262837248.000000 -0.712218523 0.166969806 0.150017470 -0.059367884 0.647101760 -0.062027145 0.757553577
1745116641356175104.000000 -0.711412907 0.167075232 0.149913937 -0.058525037 0.645695269 -0.062103610 0.758811951
1745116641458693888.000000 -0.710602880 0.167246759 0.150370955 -0.059743013 0.648028553 -0.061495773 0.756774724
1745116641561189120.000000 -0.709417939 0.167437047 0.150663644 -0.061278161 0.648603559 -0.060717929 0.756222010
1745116641654861312.000000 -0.708581805 0.167639747 0.150611967 -0.062466819 0.647480786 -0.060345050 0.757116258
1745116641758969344.000000 -0.707743764 0.167930573 0.150829285 -0.061768208 0.648117542 -0.061240818 0.756556690
1745116641860916224.000000 -0.706988454 0.168153346 0.151011765 -0.060616821 0.649233699 -0.061981048 0.755631983
1745116641963289344.000000 -0.706173718 0.168309003 0.150868118 -0.058990113 0.647528231 -0.062649176 0.757167459
1745116642056311040.000000 -0.705486298 0.168316424 0.151315868 -0.059310198 0.650702536 -0.062435299 0.754433811
1745116642168571904.000000 -0.704200387 0.168771625 0.151253402 -0.062274005 0.648896456 -0.060669985 0.755893230
1745116642261006080.000000 -0.703557611 0.168893665 0.151265562 -0.062627546 0.648064494 -0.058826458 0.756723046
1745116642364056064.000000 -0.702551246 0.168975860 0.151665270 -0.065327421 0.652049243 -0.058025047 0.753124952
1745116642466008064.000000 -0.701795757 0.168838993 0.152324677 -0.068340801 0.657300830 -0.055038832 0.748502493
1745116642557700096.000000 -0.700857759 0.169233024 0.152016878 -0.066666052 0.655534446 -0.057889715 0.749985993
1745116642660659200.000000 -0.700074732 0.169285133 0.152217537 -0.067618228 0.656670988 -0.056970295 0.748976290
1745116642766410240.000000 -0.698900163 0.169615895 0.152287453 -0.065296151 0.657783508 -0.058972992 0.748050511
1745116642858234880.000000 -0.698112726 0.169894665 0.152301431 -0.062628731 0.659031808 -0.060176924 0.747083366
1745116642961588992.000000 -0.697333753 0.169906750 0.152537286 -0.062117580 0.661528170 -0.059383985 0.744980156
1745116643064643072.000000 -0.696540713 0.169836655 0.152749121 -0.063471235 0.663756669 -0.058773194 0.742929518
1745116643168569088.000000 -0.695722699 0.170192599 0.152809441 -0.061124794 0.665141940 -0.061121546 0.741696835
1745116643271526144.000000 -0.695018768 0.170320421 0.152857721 -0.060265623 0.665988684 -0.062259674 0.740912259
1745116643363876096.000000 -0.693874657 0.170413420 0.153059781 -0.060377859 0.668652415 -0.061662268 0.738550127
1745116643466454016.000000 -0.693197489 0.170509160 0.153053492 -0.059687838 0.668067634 -0.061102279 0.739181697
1745116643561838080.000000 -0.692632854 0.170591399 0.153125405 -0.059716322 0.668759704 -0.061568759 0.738514602
1745116643666056192.000000 -0.692054987 0.170700341 0.153251439 -0.058681440 0.669752538 -0.061760645 0.737681270
1745116643768740096.000000 -0.691719890 0.170890749 0.153220147 -0.058656670 0.671727061 -0.064285681 0.735669434
1745116643870994944.000000 -0.691332221 0.170952529 0.153219700 -0.058080774 0.674227715 -0.065439895 0.733322144
1745116643963497216.000000 -0.690668702 0.171090111 0.153245866 -0.056588158 0.677929640 -0.066624247 0.729911327
1745116644066639104.000000 -0.690292478 0.171172678 0.153217852 -0.055726130 0.682419538 -0.068396725 0.725616992
1745116644169079040.000000 -0.690045118 0.171249807 0.153156161 -0.054894868 0.684947133 -0.069741897 0.723166704
1745116644270625024.000000 -0.689743698 0.171309590 0.153132796 -0.054265149 0.687904835 -0.070413530 0.720336199
1745116644363155200.000000 -0.689466953 0.171332479 0.153141975 -0.054677807 0.690647900 -0.070833161 0.717634022
1745116644466494208.000000 -0.689370751 0.171349481 0.153128147 -0.055953883 0.695176601 -0.073184177 0.712911487
1745116644569313024.000000 -0.688990951 0.171387881 0.152912974 -0.053896632 0.698405564 -0.072048627 0.710023820
1745116644662833920.000000 -0.688776672 0.171463102 0.152891994 -0.054613274 0.705910444 -0.074328691 0.702269971
1745116644766993920.000000 -0.688688457 0.170445949 0.153078973 -0.066754855 0.710425854 -0.062648974 0.697792351
1745116644860592128.000000 -0.689116359 0.171319544 0.152492285 -0.063525125 0.697006226 -0.080870405 0.709652722
1745116644964955136.000000 -0.688980401 0.171069145 0.150975943 -0.063583449 0.670261264 -0.075082399 0.735574365
1745116645079902208.000000 -0.688406646 0.171331823 0.151502311 -0.053635281 0.664930463 -0.065236539 0.742115200
1745116645192666880.000000 -0.688378632 0.171519309 0.151894063 -0.052722413 0.660412490 -0.064926676 0.746230781
1745116645264144896.000000 -0.688401163 0.171554878 0.152297914 -0.052345477 0.649908841 -0.061463997 0.755711973
1745116645389944064.000000 -0.688447714 0.171866328 0.153254896 -0.049612857 0.651469767 -0.061930131 0.754513383
1745116645471989248.000000 -0.688496768 0.171817482 0.153499693 -0.050475635 0.644526780 -0.059106722 0.760620773
1745116645574788096.000000 -0.688358665 0.171534985 0.153148502 -0.054617833 0.628804207 -0.055377778 0.773663759
1745116645667757312.000000 -0.688410580 0.171558321 0.153474748 -0.054214656 0.621648610 -0.052387800 0.779659808
1745116645772056064.000000 -0.688402116 0.171600103 0.153615057 -0.054755483 0.612656772 -0.052001420 0.786733389
1745116645874387968.000000 -0.688407004 0.171774387 0.153795540 -0.052051626 0.598992944 -0.049585130 0.797520757
1745116645966766080.000000 -0.688460410 0.171725065 0.153944850 -0.053318042 0.589048922 -0.047787219 0.804919243
1745116646069026304.000000 -0.688351870 0.171602368 0.154209897 -0.055407342 0.581116676 -0.044319920 0.810721397
1745116646172034304.000000 -0.688221216 0.171595693 0.154787868 -0.056848440 0.576720893 -0.041977827 0.813879073
1745116646273936128.000000 -0.688340247 0.171358183 0.154766321 -0.059460830 0.564979851 -0.037137691 0.822121024
1745116646377423360.000000 -0.688413143 0.171559975 0.154953510 -0.056005158 0.556517482 -0.036535475 0.828140616
1745116646469526016.000000 -0.688478410 0.171451032 0.155323118 -0.056218997 0.544342160 -0.031380776 0.836388826
1745116646571425280.000000 -0.688595176 0.171618909 0.155661613 -0.052966587 0.537132859 -0.030577611 0.841277480
1745116646674107136.000000 -0.688634872 0.171493769 0.155593067 -0.053048011 0.524062753 -0.029083859 0.849528253
1745116646777080064.000000 -0.688486814 0.171756700 0.155359611 -0.048538763 0.511374116 -0.030099761 0.857458234
1745116646879454976.000000 -0.688504755 0.171531066 0.155474037 -0.052743398 0.502125561 -0.025951471 0.862794638
1745116646972402176.000000 -0.688495398 0.171777710 0.155459285 -0.049005460 0.492066979 -0.026000541 0.868787944
1745116647075339008.000000 -0.688646197 0.171878070 0.155775294 -0.048035905 0.481988966 -0.021933420 0.874584556
1745116647168324352.000000 -0.688652754 0.171854705 0.155764088 -0.049281396 0.470697254 -0.023307392 0.880609035
1745116647274182912.000000 -0.688559055 0.171877801 0.155861497 -0.049275406 0.460550994 -0.023257595 0.885959268
1745116647378478336.000000 -0.688483000 0.171913922 0.155939609 -0.048948120 0.449933976 -0.021482026 0.891460657
1745116647481870080.000000 -0.688437700 0.171974063 0.155935585 -0.047672000 0.437759936 -0.019071989 0.897624612
1745116647575575040.000000 -0.688444197 0.171921179 0.155981496 -0.048548304 0.421556741 -0.017053943 0.905340910
1745116647677968896.000000 -0.688427806 0.171975732 0.156002536 -0.048399370 0.409883529 -0.018943150 0.910655916
1745116647770816000.000000 -0.688394427 0.171996355 0.155987635 -0.047355440 0.397610366 -0.015424621 0.916201711
1745116647884454912.000000 -0.688354492 0.171955585 0.156070516 -0.048796855 0.386220753 -0.014565216 0.920999587
1745116647975920128.000000 -0.688297093 0.171867192 0.156070516 -0.050154857 0.372802168 -0.011885159 0.926478207
1745116648078361344.000000 -0.688308537 0.171825871 0.156070918 -0.052073784 0.360009521 -0.012001650 0.931416929
1745116648171685120.000000 -0.688238621 0.171842128 0.156094089 -0.052093714 0.347404242 -0.010644817 0.936206877
1745116648274528000.000000 -0.688243270 0.171808377 0.155990615 -0.052433319 0.327304125 -0.008000897 0.943429291
1745116648377178880.000000 -0.688204050 0.171822205 0.156005427 -0.051678892 0.314407945 -0.005662447 0.947863340
1745116648480195328.000000 -0.688175857 0.171785831 0.155967489 -0.053707115 0.300309122 -0.004818961 0.952316523
1745116648573123328.000000 -0.688144624 0.171811759 0.156017452 -0.052247416 0.287269205 -0.001152301 0.956423223
1745116648680092928.000000 -0.688147545 0.171809629 0.156014398 -0.052925579 0.274526477 -0.000932682 0.960121512
1745116648773091072.000000 -0.688149810 0.171796158 0.156001896 -0.054252796 0.253708452 0.001264960 0.965757310
1745116648876847360.000000 -0.688141346 0.171799839 0.156012237 -0.054458432 0.241062522 0.002798279 0.968976438
1745116648979339008.000000 -0.688157678 0.171790823 0.155993998 -0.055418931 0.226630121 0.004276337 0.972393572
1745116649084337920.000000 -0.688107669 0.171814933 0.156057417 -0.055421162 0.214059100 0.005052165 0.975234210
1745116649177801216.000000 -0.688122988 0.171811253 0.156039760 -0.055411056 0.199831054 0.006772256 0.978238881
1745116649281521152.000000 -0.688110769 0.171817914 0.156057537 -0.055331167 0.187202781 0.009599222 0.980714738
1745116649385030144.000000 -0.688099742 0.171825707 0.156073630 -0.055548809 0.173033684 0.010330536 0.983293951
1745116649478908928.000000 -0.688095272 0.171830669 0.156083778 -0.056743931 0.153087944 0.011055679 0.986520171
1745116649581944320.000000 -0.688032448 0.171872437 0.156171754 -0.056145296 0.138094634 0.013812937 0.988729894
1745116649683834368.000000 -0.688020647 0.171860352 0.156206205 -0.057887290 0.125361726 0.014166724 0.990319550
1745116649786550016.000000 -0.688041627 0.171799704 0.156068504 -0.058024995 0.110439532 0.017770143 0.992028475
1745116649786550016.000000 -0.688041627 0.171799704 0.156068504 -0.058024995 0.110439532 0.017770143 0.992028475
1745116649786550016.000000 -0.688041627 0.171799704 0.156068504 -0.058024995 0.110439532 0.017770143 0.992028475
1745116649786550016.000000 -0.688041627 0.171799704 0.156068504 -0.058024995 0.110439532 0.017770143 0.992028475
1745116649786550016.000000 -0.688041627 0.171799704 0.156068504 -0.058024995 0.110439532 0.017770143 0.992028475
1745116650281505024.000000 -0.020060997 -0.018790338 0.004661536 -0.008217682 0.201131701 -0.016513692 0.979390562
1745116650375244032.000000 -0.023283036 -0.030647755 0.011479626 -0.015030635 0.191303611 -0.014746831 0.981305003
1745116650478127360.000000 -0.004056282 -0.047443002 0.027562559 -0.025898237 0.171756953 -0.010062780 0.984747469
1745116650580684288.000000 -0.010977748 -0.055801127 0.026708677 -0.029950030 0.163695917 -0.009723938 0.986008167
1745116650682127360.000000 -0.009435453 -0.054918021 0.026384857 -0.029267065 0.145009905 -0.006861490 0.988973439
1745116650783180288.000000 -0.011638778 -0.031424798 0.024876244 -0.016814288 0.133513555 -0.011002648 0.990843296
1745116650884450304.000000 -0.007744438 -0.036934603 0.025125554 -0.019992994 0.120327473 -0.007257214 0.992506385
1745116650988851968.000000 -0.008721558 -0.027317384 0.026903262 -0.014866115 0.108602278 -0.008914196 0.993934214
1745116651081594880.000000 -0.004948863 -0.014134865 0.025042020 -0.007568357 0.093826912 -0.011536061 0.995492935
1745116651184588288.000000 -0.009343628 -0.008992273 0.024639660 -0.004969639 0.084585264 -0.012353026 0.996327281
1745116651278258944.000000 -0.009169762 -0.010795081 0.024474600 -0.006204456 0.067266330 -0.008311277 0.997681141
1745116651382917888.000000 -0.007942748 -0.010799173 0.024085509 -0.006549469 0.055104222 -0.006134475 0.998440325
1745116651486334208.000000 -0.005489226 -0.007634426 0.023929378 -0.004660311 0.041336462 -0.004562869 0.999123991
1745116651588408320.000000 -0.007524900 -0.008567388 0.022925321 -0.005080614 0.033042006 -0.004504746 0.999430895
1745116651680560384.000000 -0.006760487 -0.007855840 0.022400284 -0.004354616 0.025106777 -0.003385604 0.999669552
1745116651793712128.000000 -0.009057795 -0.011089985 0.020956259 -0.006030230 0.022821285 -0.002962798 0.999716997
1745116651885131008.000000 -0.010226443 -0.005443679 0.020498183 -0.003081711 0.020523267 -0.002937005 0.999780297
1745116651989576960.000000 -0.010229445 -0.004244850 0.020140409 -0.002539874 0.020459013 -0.002875632 0.999783337
1745116652081160960.000000 -0.010053355 -0.005451471 0.020185260 -0.003071238 0.020358555 -0.002620523 0.999784589
1745116652184055040.000000 -0.010168644 -0.005450280 0.020303253 -0.003284932 0.020405240 -0.002902015 0.999782205
1745116652288145920.000000 -0.010202000 -0.005452795 0.020392293 -0.003194812 0.020484552 -0.002879718 0.999780953
1745116652380100352.000000 -0.010281550 -0.005430136 0.020720890 -0.003193296 0.020530924 -0.003078490 0.999779403
1745116652482768128.000000 -0.010238183 -0.005439457 0.020514023 -0.003271392 0.020488495 -0.003101233 0.999779940
1745116652585344000.000000 -0.010158176 -0.005465725 0.020278119 -0.003203164 0.020438295 -0.003163852 0.999781013
1745116652686757376.000000 -0.010155324 -0.005471598 0.020303067 -0.003156926 0.020436220 -0.003068420 0.999781489
1745116652780508928.000000 -0.010200134 -0.005425888 0.020411910 -0.003249075 0.020441316 -0.003139784 0.999780893
1745116652883351040.000000 -0.010141412 -0.005471098 0.020276856 -0.003178584 0.020437054 -0.003010034 0.999781609
1745116652989965312.000000 -0.010216409 -0.005446145 0.020472631 -0.003253241 0.020452790 -0.003131550 0.999780655
1745116653082705920.000000 -0.010245709 -0.005419355 0.020535681 -0.003294651 0.020439055 -0.003109027 0.999780893
1745116653186738944.000000 -0.010128296 -0.005453423 0.020250468 -0.003207056 0.020381548 -0.003064518 0.999782503
1745116653288945920.000000 -0.010270866 -0.005413682 0.020623140 -0.003288298 0.020442698 -0.003103391 0.999780834
1745116653393143296.000000 -0.010268620 -0.005404550 0.020598661 -0.003274675 0.020494400 -0.002918286 0.999780416
1745116653494971136.000000 -0.010167226 -0.005455938 0.020388063 -0.003219961 0.020405730 -0.002922654 0.999782383
1745116653587366144.000000 -0.010193623 -0.005461665 0.020458495 -0.003298834 0.020411825 -0.003125463 0.999781370
1745116653691257344.000000 -0.010232697 -0.005441210 0.020540131 -0.003291128 0.020423168 -0.003102236 0.999781251
1745116653794206976.000000 -0.010093186 -0.005500148 0.020151528 -0.003194869 0.020382436 -0.003017294 0.999782622
1745116653888765952.000000 -0.010244380 -0.005437584 0.020571142 -0.003308706 0.020452186 -0.003025555 0.999780834
1745116653990423296.000000 -0.010221837 -0.005436053 0.020496722 -0.003245971 0.020456569 -0.002964861 0.999781132
1745116654092849920.000000 -0.010261380 -0.005429034 0.020625953 -0.003284183 0.020448102 -0.003024669 0.999780953
1745116654194524928.000000 -0.010253868 -0.005450397 0.020611018 -0.003331454 0.020442659 -0.003146516 0.999780595
1745116654297588224.000000 -0.010231714 -0.005437675 0.020533053 -0.003291783 0.020440264 -0.002919561 0.999781430
1745116654399307008.000000 -0.010236057 -0.005433566 0.020566488 -0.003279974 0.020418748 -0.003006895 0.999781609
1745116654491941888.000000 -0.010239889 -0.005436088 0.020562733 -0.003317137 0.020398557 -0.003111176 0.999781609
1745116654595604224.000000 -0.010208697 -0.005442006 0.020467572 -0.003219048 0.020389808 -0.003008520 0.999782443
1745116654700058880.000000 -0.010270686 -0.005429110 0.020665249 -0.003315769 0.020430118 -0.003073605 0.999781072
1745116654793795072.000000 -0.010229804 -0.005435209 0.020533182 -0.003262742 0.020422539 -0.003035345 0.999781549
1745116654896932096.000000 -0.010186527 -0.005464492 0.020430425 -0.003294181 0.020409143 -0.002880625 0.999782205
1745116655000446976.000000 -0.010257699 -0.005432864 0.020626651 -0.003322904 0.020442251 -0.003054389 0.999780834
1745116655092946176.000000 -0.010253790 -0.005433055 0.020594094 -0.003306545 0.020430598 -0.003066122 0.999781132
1745116655196509952.000000 -0.010217814 -0.005450059 0.020540612 -0.003270828 0.020421861 -0.002953711 0.999781787
1745116655298607104.000000 -0.010251880 -0.005456651 0.020672595 -0.003374778 0.020403069 -0.003264592 0.999780893
1745116655392198144.000000 -0.010185770 -0.005456094 0.020393515 -0.003271474 0.020401137 -0.002911829 0.999782324
1745116655494419968.000000 -0.010213163 -0.005497860 0.020422721 -0.003245190 0.020423934 -0.002968693 0.999781728
1745116655596545280.000000 -0.010282501 -0.005487149 0.020654153 -0.003353327 0.020441584 -0.003079535 0.999780715
1745116655698544896.000000 -0.010237934 -0.005445910 0.020578431 -0.003243675 0.020409258 -0.002958184 0.999782085
1745116655791500032.000000 -0.010261932 -0.005387781 0.020679932 -0.003238159 0.020418921 -0.002888181 0.999782085
1745116655894302976.000000 -0.010262896 -0.005442088 0.020666746 -0.003294862 0.020394374 -0.003007387 0.999782085
1745116655996977920.000000 -0.010207260 -0.005387514 0.020545177 -0.003182071 0.020414151 -0.002652965 0.999783039
1745116656090282240.000000 -0.010330050 -0.005386931 0.020869792 -0.003236752 0.020473842 -0.002814475 0.999781191
1745116656193220096.000000 -0.010287482 -0.005438033 0.020689026 -0.003331874 0.020413756 -0.003019700 0.999781549
1745116656296004352.000000 -0.010226904 -0.005398364 0.020586565 -0.003200546 0.020396704 -0.002800944 0.999782920
1745116656398778112.000000 -0.010299390 -0.005414106 0.020772718 -0.003341022 0.020435914 -0.002913500 0.999781370
1745116656500998912.000000 -0.010260267 -0.005454592 0.020650359 -0.003277223 0.020413253 -0.003104455 0.999781430
1745116656593495040.000000 -0.010265691 -0.005339134 0.020673096 -0.003210440 0.020453783 -0.002751864 0.999781907
1745116656695246336.000000 -0.010332496 -0.005388327 0.020834081 -0.003315972 0.020455159 -0.002886639 0.999781132
1745116656798533888.000000 -0.010210251 -0.005446874 0.020526839 -0.003312333 0.020375742 -0.002983687 0.999782503
1745116656900600320.000000 -0.010270921 -0.005439266 0.020683078 -0.003253844 0.020417009 -0.002909849 0.999782026
1745116657003188992.000000 -0.010321753 -0.005459100 0.020787960 -0.003380925 0.020426856 -0.003015431 0.999781132
1745116657095567104.000000 -0.010269373 -0.005408710 0.020655621 -0.003217600 0.020438274 -0.002729378 0.999782205
1745116657197948928.000000 -0.010290360 -0.005430603 0.020751849 -0.003306580 0.020417610 -0.002855896 0.999782026
1745116657302094336.000000 -0.010293717 -0.005418770 0.020719195 -0.003282412 0.020428687 -0.002862673 0.999781847
1745116657397461248.000000 -0.010257640 -0.005430094 0.020651458 -0.003239153 0.020420600 -0.002841121 0.999782205
1745116657499632128.000000 -0.010281673 -0.005404536 0.020731922 -0.003306213 0.020415645 -0.002870645 0.999782026
1745116657601952000.000000 -0.010255009 -0.005443736 0.020625466 -0.003315971 0.020414013 -0.002932328 0.999781847
1745116657703949312.000000 -0.010247220 -0.005443248 0.020608725 -0.003248823 0.020410143 -0.002816799 0.999782503
1745116657797310976.000000 -0.010276210 -0.005449824 0.020679338 -0.003355826 0.020416485 -0.002955022 0.999781609
1745116657899760128.000000 -0.010260666 -0.005438585 0.020638283 -0.003316286 0.020400619 -0.002885149 0.999782264
1745116658002421248.000000 -0.010239541 -0.005340569 0.020592706 -0.003189764 0.020419508 -0.002660398 0.999782920
1745116658094054912.000000 -0.010293317 -0.005439846 0.020755773 -0.003366710 0.020419434 -0.002950465 0.999781489
1745116658205650176.000000 -0.010296994 -0.005401027 0.020721486 -0.003279301 0.020444293 -0.002752058 0.999781847
1745116658296939008.000000 -0.010272793 -0.005385822 0.020701300 -0.003222025 0.020440659 -0.002755529 0.999782085
1745116658398355968.000000 -0.010264652 -0.005446371 0.020650342 -0.003355836 0.020418236 -0.002867137 0.999781787
1745116658501405952.000000 -0.010276176 -0.005432375 0.020707987 -0.003245125 0.020432809 -0.002820888 0.999782026
1745116658605220352.000000 -0.010303179 -0.005419335 0.020718995 -0.003258822 0.020461235 -0.002782643 0.999781489
1745116658699166976.000000 -0.010318766 -0.005439379 0.020778732 -0.003344386 0.020448666 -0.002968538 0.999780953
1745116658802260992.000000 -0.010303892 -0.005402269 0.020787686 -0.003253788 0.020439779 -0.002722625 0.999782085
1745116658905704960.000000 -0.010297284 -0.005433169 0.020748300 -0.003328932 0.020449590 -0.002899874 0.999781132
1745116658999540992.000000 -0.010291829 -0.005435209 0.020768607 -0.003303440 0.020407641 -0.002941563 0.999781966
1745116659102521088.000000 -0.010318321 -0.005376938 0.020835958 -0.003229934 0.020467762 -0.002761306 0.999781489
1745116659206369280.000000 -0.010268286 -0.005440905 0.020677799 -0.003294037 0.020410318 -0.002851387 0.999782205
1745116659298056192.000000 -0.010232231 -0.005430556 0.020637834 -0.003304971 0.020374669 -0.002943383 0.999782622
1745116659400808960.000000 -0.010236681 -0.005389906 0.020625623 -0.003236963 0.020394029 -0.002714199 0.999783158
1745116659503799296.000000 -0.010254334 -0.005406015 0.020698581 -0.003334242 0.020413438 -0.002827269 0.999782085
1745116659606194944.000000 -0.010211544 -0.005420439 0.020586142 -0.003263481 0.020377284 -0.002814573 0.999783099
1745116659700294912.000000 -0.010256348 -0.005418625 0.020724552 -0.003296706 0.020409845 -0.002900059 0.999782085
1745116659802627072.000000 -0.010240012 -0.005429512 0.020705938 -0.003335631 0.020349596 -0.003075199 0.999782622
1745116659904359168.000000 -0.010209320 -0.005427296 0.020580638 -0.003268748 0.020370277 -0.003015282 0.999782622
1745116660006758912.000000 -0.010254169 -0.005386527 0.020717653 -0.003277926 0.020428343 -0.002785736 0.999782085
1745116660099163904.000000 -0.010264174 -0.005412801 0.020738745 -0.003318053 0.020417528 -0.002958623 0.999781668
1745116660202089984.000000 -0.010217100 -0.005400599 0.020568423 -0.003226828 0.020412229 -0.002664419 0.999782920
1745116660306440192.000000 -0.010263173 -0.005413084 0.020739090 -0.003378219 0.020415496 -0.002842607 0.999781847
1745116660409748992.000000 -0.010221757 -0.005430352 0.020589355 -0.003337839 0.020362332 -0.002987569 0.999782622
1745116660501095168.000000 -0.010222971 -0.005422263 0.020574780 -0.003231623 0.020390525 -0.002890528 0.999782741
1745116660603502336.000000 -0.010240044 -0.005401875 0.020662634 -0.003373996 0.020401655 -0.002784792 0.999782324
1745116660706452224.000000 -0.010230316 -0.005405462 0.020628149 -0.003288378 0.020371195 -0.002860781 0.999782979
1745116660808916992.000000 -0.010223271 -0.005404329 0.020580951 -0.003239085 0.020394469 -0.002765449 0.999782979
1745116660900916224.000000 -0.010245576 -0.005445946 0.020659043 -0.003355363 0.020385187 -0.002964067 0.999782205
1745116661004651008.000000 -0.010269917 -0.005389906 0.020758342 -0.003231996 0.020404508 -0.002865928 0.999782503
1745116661106832128.000000 -0.010181860 -0.005401200 0.020512074 -0.003225369 0.020392105 -0.002648408 0.999783397
1745116661208986880.000000 -0.010233260 -0.005405376 0.020613963 -0.003349517 0.020394022 -0.002883458 0.999782264
1745116661301705216.000000 -0.010225640 -0.005413771 0.020671625 -0.003263651 0.020365829 -0.002796168 0.999783397
1745116661403595264.000000 -0.010219678 -0.005411473 0.020598454 -0.003289086 0.020400923 -0.002681133 0.999782860
1745116661495862016.000000 -0.010197843 -0.005424222 0.020554138 -0.003322197 0.020376138 -0.002786394 0.999783039
1745116661600743936.000000 -0.010199630 -0.005419704 0.020553026 -0.003276676 0.020386588 -0.002863920 0.999782681
1745116661704204032.000000 -0.010267533 -0.005385390 0.020748667 -0.003280041 0.020413456 -0.002786193 0.999782383
1745116661807585280.000000 -0.010201479 -0.005445487 0.020553347 -0.003374529 0.020389533 -0.002817798 0.999782443
1745116661910444288.000000 -0.010204136 -0.005416850 0.020589110 -0.003272990 0.020355167 -0.002785084 0.999783576
1745116662012813056.000000 -0.010207744 -0.005441905 0.020528924 -0.003388975 0.020377383 -0.002917317 0.999782383
1745116662116579328.000000 -0.010206573 -0.005418682 0.020620164 -0.003290235 0.020354079 -0.002917166 0.999783218
1745116662209677312.000000 -0.010233807 -0.005411078 0.020694522 -0.003295206 0.020383168 -0.002936284 0.999782503
1745116662302262016.000000 -0.010205853 -0.005428779 0.020570895 -0.003332568 0.020390527 -0.002885495 0.999782383
1745116662405559040.000000 -0.010249079 -0.005366819 0.020688413 -0.003272108 0.020384314 -0.002907951 0.999782681
1745116662499512320.000000 -0.010238203 -0.005410552 0.020716215 -0.003285551 0.020379322 -0.002885681 0.999782741
1745116662601931008.000000 -0.010198957 -0.005442044 0.020551078 -0.003372482 0.020376274 -0.002746464 0.999782979
1745116662705969152.000000 -0.010214888 -0.005412102 0.020630835 -0.003262463 0.020371355 -0.002731291 0.999783456
1745116662807909888.000000 -0.010216721 -0.005423973 0.020590592 -0.003357606 0.020392966 -0.002801432 0.999782503
1745116662910091264.000000 -0.010213118 -0.005429252 0.020617923 -0.003342266 0.020362582 -0.002908738 0.999782860
1745116663011700224.000000 -0.010300442 -0.005404781 0.020781608 -0.003292283 0.020432131 -0.002754322 0.999782026
1745116663114098944.000000 -0.010267536 -0.005461729 0.020669581 -0.003328204 0.020410940 -0.002931540 0.999781847
1745116663206103040.000000 -0.010308475 -0.005450148 0.020755745 -0.003322294 0.020427402 -0.002954398 0.999781489
1745116663309905920.000000 -0.010306186 -0.005401881 0.020794470 -0.003246128 0.020413250 -0.002956557 0.999782026
1745116663411816192.000000 -0.010291622 -0.005424992 0.020778937 -0.003303678 0.020412615 -0.002863526 0.999782085
1745116663508829184.000000 -0.010224066 -0.005431565 0.020644316 -0.003362275 0.020357329 -0.002810081 0.999783158
1745116663611592960.000000 -0.010201307 -0.005418546 0.020575402 -0.003256299 0.020349015 -0.002901393 0.999783456
1745116663705789952.000000 -0.010242072 -0.005405784 0.020699346 -0.003375051 0.020365862 -0.002861917 0.999782801
1745116663808698112.000000 -0.010268150 -0.005357825 0.020740729 -0.003262644 0.020406943 -0.002813755 0.999782503
1745116663911639296.000000 -0.010253153 -0.005412198 0.020730168 -0.003300654 0.020387288 -0.002878440 0.999782562
1745116664003708160.000000 -0.010241225 -0.005427865 0.020681189 -0.003339815 0.020379653 -0.002921942 0.999782503
1745116664107120384.000000 -0.010246099 -0.005425696 0.020708561 -0.003325772 0.020380720 -0.002927180 0.999782503
1745116664208654080.000000 -0.010251469 -0.005392220 0.020707540 -0.003277006 0.020387199 -0.002781909 0.999782920
1745116664310686208.000000 -0.010238133 -0.005427941 0.020670773 -0.003358384 0.020402415 -0.002747569 0.999782503
1745116664405453312.000000 -0.010252181 -0.005387785 0.020709101 -0.003279396 0.020389371 -0.002890680 0.999782562
1745116664509569280.000000 -0.010246351 -0.005422179 0.020701453 -0.003384164 0.020370977 -0.003001536 0.999782264
1745116664611060992.000000 -0.010253294 -0.005410679 0.020714568 -0.003317866 0.020398330 -0.002916515 0.999782205
1745116664713756160.000000 -0.010335525 -0.005386950 0.020882500 -0.003276524 0.020460680 -0.002756921 0.999781549
1745116664807556096.000000 -0.010308199 -0.005434883 0.020808317 -0.003346171 0.020418651 -0.002990593 0.999781489
1745116664910396160.000000 -0.010257369 -0.005410183 0.020733370 -0.003325193 0.020390507 -0.002961628 0.999782205
1745116665012726016.000000 -0.010244861 -0.005389493 0.020730048 -0.003230461 0.020408088 -0.002812196 0.999782622
1745116665106332928.000000 -0.010218874 -0.005435305 0.020607984 -0.003381611 0.020365108 -0.002835262 0.999782860
1745116665209036032.000000 -0.010245279 -0.005390933 0.020668490 -0.003254556 0.020411620 -0.002749451 0.999782562
1745116665311297280.000000 -0.010260419 -0.005387959 0.020720299 -0.003267694 0.020402236 -0.002841000 0.999782503
1745116665413470976.000000 -0.010227948 -0.005444606 0.020625692 -0.003397807 0.020373477 -0.003017277 0.999782145
1745116665505276928.000000 -0.010263748 -0.005426235 0.020671865 -0.003305116 0.020432210 -0.002658029 0.999782264
1745116665617474048.000000 -0.010290752 -0.005404366 0.020752832 -0.003307367 0.020452846 -0.002520556 0.999782205
1745116665709317120.000000 -0.010262198 -0.005469609 0.020650977 -0.003387211 0.020432500 -0.002864401 0.999781430
1745116665811866880.000000 -0.010283045 -0.005405383 0.020726454 -0.003252187 0.020429481 -0.002738369 0.999782264
1745116665914014976.000000 -0.010273423 -0.005432609 0.020717937 -0.003292414 0.020400805 -0.002854651 0.999782383
1745116666006383104.000000 -0.010172307 -0.005474996 0.020425482 -0.003419627 0.020376481 -0.002829332 0.999782562
1745116666108564992.000000 -0.010320097 -0.005392323 0.020836962 -0.003290879 0.020457346 -0.002690431 0.999781728
1745116666211111936.000000 -0.010284829 -0.005404220 0.020794697 -0.003358309 0.020416889 -0.002965740 0.999781549
1745116666312929280.000000 -0.010181743 -0.005496051 0.020349281 -0.003426444 0.020432174 -0.003006335 0.999780834
1745116666415507200.000000 -0.010227405 -0.005455351 0.020441344 -0.003372209 0.020475959 -0.002882419 0.999780536
1745116666517644288.000000 -0.010268859 -0.005437739 0.020617750 -0.003386834 0.020456983 -0.002871273 0.999780893
1745116666609986048.000000 -0.010266829 -0.005441874 0.020618042 -0.003422701 0.020468978 -0.002813647 0.999780715
1745116666714676992.000000 -0.010253201 -0.005419801 0.020554693 -0.003279535 0.020437011 -0.002860476 0.999781668
1745116666817420288.000000 -0.010218868 -0.005456485 0.020481752 -0.003404052 0.020429499 -0.002772671 0.999781668
1745116666910056192.000000 -0.010274612 -0.005419231 0.020609876 -0.003266123 0.020457894 -0.002820259 0.999781430
1745116667032193280.000000 -0.010244049 -0.005429328 0.020575915 -0.003355350 0.020424642 -0.002803334 0.999781847
1745116667115747328.000000 -0.010255826 -0.005426652 0.020614222 -0.003386438 0.020423556 -0.002837422 0.999781668
1745116667221153024.000000 -0.010279535 -0.005414423 0.020643344 -0.003310362 0.020469883 -0.002833123 0.999780953
1745116667325948928.000000 -0.010277350 -0.005430534 0.020655680 -0.003334273 0.020479763 -0.002811805 0.999780774
1745116667412226304.000000 -0.010280397 -0.005433748 0.020705452 -0.003403750 0.020481789 -0.002770691 0.999780595
1745116667524963072.000000 -0.010172226 -0.005473612 0.020343693 -0.003313472 0.020412751 -0.002829727 0.999782145
1745116667617496320.000000 -0.010252691 -0.005446889 0.020576430 -0.003403819 0.020439597 -0.002798414 0.999781430
1745116667719803136.000000 -0.010254415 -0.005485756 0.020542966 -0.003446364 0.020427885 -0.003012870 0.999780834
1745116667811791872.000000 -0.010253468 -0.005446367 0.020523168 -0.003290168 0.020450126 -0.002960658 0.999781072
1745116667916720128.000000 -0.010309255 -0.005452895 0.020739147 -0.003433197 0.020473149 -0.002955632 0.999780178
1745116668018469376.000000 -0.010283028 -0.005447806 0.020650981 -0.003369726 0.020457759 -0.002857425 0.999780953
1745116668122964224.000000 -0.010311733 -0.005423511 0.020702483 -0.003329816 0.020488532 -0.002735393 0.999780834
1745116668235731200.000000 -0.010255987 -0.005468633 0.020570146 -0.003415792 0.020445680 -0.002841682 0.999781132
1745116668317341952.000000 -0.010333468 -0.005476216 0.020676615 -0.003406330 0.020503433 -0.002836375 0.999779999
1745116668420659968.000000 -0.010271978 -0.005428245 0.020595364 -0.003308249 0.020464765 -0.002737113 0.999781370
1745116668522661888.000000 -0.010226063 -0.005492773 0.020476120 -0.003449568 0.020414511 -0.002915571 0.999781430
1745116668615524352.000000 -0.010310708 -0.005412030 0.020722149 -0.003316140 0.020481326 -0.002739068 0.999781013
1745116668729838080.000000 -0.010220552 -0.005497606 0.020449534 -0.003450261 0.020398250 -0.002942131 0.999781668
1745116668821947136.000000 -0.010266645 -0.005464313 0.020594750 -0.003400548 0.020464251 -0.002922979 0.999780536
1745116668925283072.000000 -0.010243506 -0.005474886 0.020525668 -0.003368302 0.020439500 -0.002906010 0.999781191
1745116669017291008.000000 -0.010301529 -0.005432567 0.020697985 -0.003372968 0.020487435 -0.002781013 0.999780536
1745116669119674112.000000 -0.010233599 -0.005462173 0.020533180 -0.003414792 0.020431848 -0.002906836 0.999781191
1745116669221590016.000000 -0.010256795 -0.005444464 0.020536073 -0.003335283 0.020444594 -0.002761382 0.999781609
1745116669323125248.000000 -0.010245291 -0.005485016 0.020498715 -0.003451646 0.020444237 -0.002924145 0.999780774
1745116669424673024.000000 -0.010243746 -0.005454315 0.020534039 -0.003340896 0.020442201 -0.002874562 0.999781370
1745116669526747904.000000 -0.010226684 -0.005461127 0.020445842 -0.003329824 0.020426935 -0.002858730 0.999781728
1745116669619661056.000000 -0.010213660 -0.005495183 0.020424644 -0.003419559 0.020392086 -0.002974893 0.999781787
1745116669721831936.000000 -0.010237178 -0.005486735 0.020487694 -0.003376928 0.020439442 -0.002998093 0.999780893
1745116669824315136.000000 -0.010229305 -0.005472927 0.020519298 -0.003357360 0.020408548 -0.002924058 0.999781787
1745116669927404288.000000 -0.010242171 -0.005467485 0.020497898 -0.003481959 0.020411713 -0.002997612 0.999781132
1745116670030198016.000000 -0.010227074 -0.005458811 0.020484840 -0.003345159 0.020398749 -0.002864181 0.999782264
1745116670121587968.000000 -0.010228218 -0.005465037 0.020511400 -0.003351643 0.020428896 -0.002816325 0.999781728
1745116670224177152.000000 -0.010257066 -0.005502997 0.020542488 -0.003495629 0.020422459 -0.002946505 0.999781013
1745116670326395904.000000 -0.010210753 -0.005473437 0.020422867 -0.003368078 0.020398503 -0.002910343 0.999782026
1745116670430599936.000000 -0.010200928 -0.005508554 0.020416895 -0.003439134 0.020409478 -0.002944887 0.999781489
1745116670522260224.000000 -0.010226252 -0.005490575 0.020453254 -0.003433280 0.020415688 -0.002891693 0.999781489
1745116670627268352.000000 -0.010260695 -0.005448651 0.020544730 -0.003312878 0.020452032 -0.002813913 0.999781370
1745116670729803008.000000 -0.010240248 -0.005476353 0.020556917 -0.003405759 0.020433404 -0.002701853 0.999781787
1745116670822885376.000000 -0.010287941 -0.005484510 0.020655883 -0.003459033 0.020453924 -0.003014522 0.999780297
1745116670926366208.000000 -0.010246323 -0.005443441 0.020526832 -0.003312632 0.020432802 -0.002764507 0.999781966
1745116671028153088.000000 -0.010245660 -0.005498926 0.020546595 -0.003494499 0.020416919 -0.002863738 0.999781370
1745116671131144960.000000 -0.010242786 -0.005463606 0.020514775 -0.003380373 0.020446133 -0.002808509 0.999781311
1745116671223182080.000000 -0.010215596 -0.005493135 0.020437792 -0.003429598 0.020425985 -0.002881523 0.999781311
1745116671325655296.000000 -0.010309669 -0.005438236 0.020732015 -0.003391752 0.020469129 -0.002856436 0.999780655
1745116671429068032.000000 -0.010234668 -0.005482087 0.020479634 -0.003399471 0.020462923 -0.002817795 0.999780893
1745116671531651328.000000 -0.010263512 -0.005458779 0.020591417 -0.003381793 0.020423457 -0.003065616 0.999781013
1745116671622971136.000000 -0.010268332 -0.005495874 0.020623591 -0.003478395 0.020427402 -0.002865836 0.999781191
1745116671725029888.000000 -0.010242823 -0.005469517 0.020555040 -0.003355034 0.020450780 -0.002849513 0.999781191
1745116671827165184.000000 -0.010276637 -0.005484736 0.020637490 -0.003466106 0.020456031 -0.002779771 0.999780893
1745116671929542912.000000 -0.010276250 -0.005474108 0.020657692 -0.003504928 0.020422490 -0.002883082 0.999781132
1745116672022025984.000000 -0.010251742 -0.005458902 0.020550530 -0.003382162 0.020456135 -0.002699164 0.999781430
1745116672138469888.000000 -0.010240039 -0.005485987 0.020524018 -0.003432972 0.020417297 -0.002922500 0.999781370
1745116672231288320.000000 -0.010245577 -0.005467438 0.020553542 -0.003383942 0.020430323 -0.002939068 0.999781251
1745116672334468096.000000 -0.010278075 -0.005434388 0.020633301 -0.003339395 0.020457566 -0.002831399 0.999781132
1745116672429839104.000000 -0.010306746 -0.005532483 0.020602062 -0.003500804 0.020442832 -0.002837415 0.999780893
1745116672522416384.000000 -0.010264987 -0.005473013 0.020614259 -0.003437089 0.020430084 -0.002837478 0.999781370
1745116672634517248.000000 -0.010254324 -0.005443716 0.020564560 -0.003306265 0.020446761 -0.002820628 0.999781489
1745116672726378240.000000 -0.010268632 -0.005476234 0.020629220 -0.003459396 0.020423731 -0.002965053 0.999781072
1745116672828777984.000000 -0.010264223 -0.005451279 0.020578166 -0.003367075 0.020453537 -0.002992291 0.999780655
1745116672933015040.000000 -0.010290995 -0.005461724 0.020687880 -0.003444182 0.020478627 -0.002749599 0.999780595
1745116673025479936.000000 -0.010248180 -0.005492377 0.020524165 -0.003415773 0.020434804 -0.002995051 0.999780893
1745116673128123136.000000 -0.010256472 -0.005455293 0.020597652 -0.003351003 0.020457890 -0.002757725 0.999781311
1745116673233515008.000000 -0.010288721 -0.005440371 0.020651566 -0.003369939 0.020481212 -0.002812446 0.999780595
1745116673326843904.000000 -0.010251368 -0.005491296 0.020515805 -0.003467082 0.020453902 -0.002833598 0.999780774
1745116673429938176.000000 -0.010219248 -0.005472024 0.020455800 -0.003353185 0.020438788 -0.002827486 0.999781489
1745116673522480128.000000 -0.010263527 -0.005489599 0.020600103 -0.003478628 0.020444861 -0.002813690 0.999781013
1745116673625286144.000000 -0.010223368 -0.005496165 0.020438028 -0.003374730 0.020412561 -0.002927600 0.999781668
1745116673728716032.000000 -0.010297867 -0.005426894 0.020703873 -0.003400731 0.020483626 -0.002571765 0.999781132
1745116673831164160.000000 -0.010267095 -0.005464378 0.020636180 -0.003492930 0.020454466 -0.002907045 0.999780476
1745116673932830976.000000 -0.010264074 -0.005472772 0.020608764 -0.003413738 0.020441528 -0.002936732 0.999780953
1745116674024580352.000000 -0.010266737 -0.005448016 0.020578351 -0.003375360 0.020461647 -0.002870792 0.999780834
1745116674128223232.000000 -0.010237948 -0.005514926 0.020508740 -0.003522780 0.020442469 -0.002895593 0.999780655
1745116674230407936.000000 -0.010227554 -0.005456197 0.020502951 -0.003342621 0.020432347 -0.002815292 0.999781728
1745116674331916032.000000 -0.010265697 -0.005501629 0.020600302 -0.003462737 0.020421434 -0.003073381 0.999780774
1745116674427447040.000000 -0.010257888 -0.005490839 0.020593064 -0.003504660 0.020405268 -0.003081814 0.999780893
1745116674542093312.000000 -0.010251497 -0.005450381 0.020517446 -0.003370677 0.020465031 -0.002678176 0.999781311
1745116674634372352.000000 -0.010247264 -0.005494462 0.020512136 -0.003435384 0.020443976 -0.002762625 0.999781311
1745116674737035008.000000 -0.010256340 -0.005464571 0.020548573 -0.003404606 0.020453084 -0.002902637 0.999780834
1745116674829040384.000000 -0.010241310 -0.005464284 0.020541430 -0.003358610 0.020457074 -0.002772998 0.999781311
1745116674932795136.000000 -0.010242589 -0.005512618 0.020530367 -0.003511728 0.020444950 -0.002884848 0.999780655
1745116675035278080.000000 -0.010202756 -0.005522747 0.020395298 -0.003509739 0.020407801 -0.002829842 0.999781609
1745116675138322944.000000 -0.010183807 -0.005490035 0.020383736 -0.003357239 0.020430475 -0.002802884 0.999781728
1745116675240186112.000000 -0.010251613 -0.005495913 0.020516874 -0.003477623 0.020423740 -0.003087814 0.999780595
1745116675333370112.000000 -0.010249845 -0.005468899 0.020537896 -0.003392590 0.020426266 -0.003057644 0.999780953
1745116675435794944.000000 -0.010250547 -0.005481998 0.020575503 -0.003439034 0.020416772 -0.002932929 0.999781370
1745116675538206208.000000 -0.010214393 -0.005492990 0.020443877 -0.003429926 0.020395109 -0.002840585 0.999782085
1745116675639693312.000000 -0.010247779 -0.005507506 0.020509670 -0.003438066 0.020435296 -0.002986933 0.999780834
1745116675731624192.000000 -0.010272195 -0.005444769 0.020604117 -0.003343145 0.020443672 -0.002920680 0.999781132
1745116675834407936.000000 -0.010220705 -0.005506760 0.020463780 -0.003480711 0.020407826 -0.002802803 0.999781787
