1745119687648869888.000000 -0.002958581 0.002344057 0.047868665 0.000590344 -0.000117961 -0.000089569 0.999999821
1745119687753585152.000000 -0.003733983 0.002955295 0.058869224 0.001545052 0.000387277 -0.000265414 0.999998689
1745119687846615040.000000 -0.005831862 0.004097923 0.080501616 0.001189392 0.000581113 -0.000727818 0.999998868
1745119687950226944.000000 -0.005228778 0.004371492 0.082426667 0.000896963 0.000817568 -0.000937740 0.999998868
1745119688053003008.000000 -0.006388118 0.006602714 0.102881648 0.000493163 0.001136040 -0.000988273 0.999998748
1745119688155379968.000000 -0.007428648 0.006498468 0.111745521 0.000012130 0.000874698 -0.000409812 0.999999523
1745119688248078080.000000 -0.007749620 0.006727148 0.123342358 0.000619782 0.000490849 0.000240726 0.999999702
1745119688350471936.000000 -0.008685605 0.007247833 0.135907844 0.001125721 0.000649034 0.000210729 0.999999166
1745119688454500096.000000 -0.007795334 0.007913943 0.157010525 0.001428403 -0.000656707 0.000597571 0.999998629
1745119688558844928.000000 -0.010161981 0.008038514 0.157645941 0.001896033 0.000058116 0.000585832 0.999998033
1745119688652223232.000000 -0.009218674 0.009374136 0.177093968 0.002526890 -0.000685585 0.000689247 0.999996364
1745119688755598336.000000 -0.012966374 0.010068090 0.191862345 0.001898926 0.000529661 0.000041197 0.999998033
1745119688858673152.000000 -0.013135542 0.010838858 0.205764219 0.000799815 -0.000071196 -0.000089569 0.999999702
1745119688950520320.000000 -0.013342890 0.011723889 0.218181014 0.000967529 -0.000442530 0.000064055 0.999999523
1745119689057080320.000000 -0.014450247 0.011521271 0.221311852 0.000554139 -0.000852115 -0.000135641 0.999999523
1745119689152832000.000000 -0.015927656 0.012940344 0.241035700 0.000431409 -0.000507516 -0.000561715 0.999999642
1745119689255680000.000000 -0.016641891 0.013849718 0.255294055 -0.001360514 -0.000239282 -0.001504660 0.999997973
1745119689359038208.000000 -0.017125534 0.014186670 0.267809302 -0.002210465 -0.000982903 -0.002024347 0.999995053
1745119689460762880.000000 -0.019186994 0.014406278 0.282498747 0.001047393 -0.000096746 -0.001774274 0.999997914
1745119689554635008.000000 -0.018650444 0.014110914 0.284956872 0.002021633 -0.001253337 -0.001839895 0.999995530
1745119689657362944.000000 -0.019408330 0.014760081 0.296667993 0.002588098 -0.001234332 -0.002100069 0.999993682
1745119689759102208.000000 -0.021474238 0.015897822 0.317170918 0.002829491 -0.000640560 -0.001667206 0.999994457
1745119689862333184.000000 -0.022031201 0.017310387 0.335668802 0.001865457 -0.000283469 -0.001310176 0.999997377
1745119689957065984.000000 -0.022285959 0.017634925 0.344205618 0.001075373 0.000149665 -0.001744514 0.999997973
1745119690061294080.000000 -0.022934720 0.018628443 0.356494397 0.001401096 0.000659630 -0.002433368 0.999995887
1745119690163566080.000000 -0.024507489 0.018823881 0.368320286 0.001615598 0.001279945 -0.002980141 0.999993503
1745119690256374016.000000 -0.023674462 0.017826485 0.381232232 0.003040061 0.000470497 -0.002372790 0.999992490
1745119690359250176.000000 -0.024468008 0.019303603 0.384420097 0.008130206 0.000101321 -0.001557410 0.999965727
1745119690473992960.000000 -0.026178788 0.020492535 0.394510806 0.005878318 -0.000138299 -0.001785884 0.999981165
1745119690556314112.000000 -0.025320655 0.021378208 0.414880574 0.003922204 -0.000401537 -0.002485971 0.999989152
1745119690660530944.000000 -0.026805563 0.021859296 0.425537348 0.004207832 0.000096228 -0.002811914 0.999987185
1745119690762949888.000000 -0.027962917 0.022921093 0.437932938 0.003749195 -0.000145156 -0.003027366 0.999988377
1745119690866023168.000000 -0.028449969 0.023322595 0.449806780 0.003533884 -0.000086739 -0.003352704 0.999988139
1745119690961935872.000000 -0.028817013 0.023756435 0.462261617 0.002376536 -0.000450653 -0.003571962 0.999990702
1745119691054599936.000000 -0.029586254 0.024509819 0.473440796 0.003137127 -0.000470437 -0.004460535 0.999985039
1745119691167955200.000000 -0.031055659 0.025217768 0.491107970 0.004056620 -0.001146011 -0.004355458 0.999981701
1745119691261865984.000000 -0.032756627 0.026970180 0.503594995 0.003607881 -0.001015851 -0.004495290 0.999982953
1745119691365517056.000000 -0.033337664 0.026871942 0.515190899 0.003802523 -0.001424253 -0.004278130 0.999982655
1745119691458186240.000000 -0.033892948 0.027546348 0.526624858 0.004625234 -0.001520847 -0.004423556 0.999978423
1745119691560560128.000000 -0.035388585 0.028274829 0.537160277 0.004559238 -0.001651785 -0.004040607 0.999980092
1745119691663901952.000000 -0.035563663 0.027015477 0.548804283 0.004557671 -0.001457723 -0.003911400 0.999980927
1745119691757274112.000000 -0.037526697 0.029121717 0.566773951 0.004558684 0.000231098 -0.003653929 0.999982893
1745119691861504000.000000 -0.037359983 0.030139312 0.578427613 0.006089312 0.000107976 -0.003696118 0.999974668
1745119691965119232.000000 -0.038106494 0.030214885 0.590323031 0.006018278 0.000490980 -0.003505827 0.999975681
1745119692066805248.000000 -0.038330022 0.030902680 0.602155924 0.006805901 0.000426707 -0.003704875 0.999969959
1745119692158209024.000000 -0.039645314 0.030460985 0.613560021 0.006317087 0.000970410 -0.003547296 0.999973357
1745119692261111296.000000 -0.040220827 0.031915225 0.625679135 0.007244932 0.001717998 -0.004013773 0.999964237
1745119692363877888.000000 -0.041555218 0.033728033 0.642903924 0.007651044 0.002477372 -0.004087905 0.999959350
1745119692458697984.000000 -0.042734489 0.033842459 0.656053722 0.006897740 0.003384507 -0.004872769 0.999958694
1745119692554043136.000000 -0.043139793 0.035922647 0.667870343 0.007332783 0.003400988 -0.005003238 0.999954879
1745119692658011904.000000 -0.043909278 0.035788499 0.679836988 0.007607078 0.003678000 -0.005183638 0.999950945
1745119692760970240.000000 -0.045104664 0.036787067 0.691632926 0.006779030 0.004006377 -0.005515731 0.999953866
1745119692864282112.000000 -0.047711954 0.035819221 0.701973915 0.005198167 0.005112689 -0.005569138 0.999957919
1745119692966747136.000000 -0.049912885 0.037937570 0.719978511 0.005985146 0.005614817 -0.005443817 0.999951541
1745119693060037120.000000 -0.048577107 0.037665065 0.731110930 0.005188654 0.004681548 -0.005539621 0.999960244
1745119693162214144.000000 -0.047756940 0.038802672 0.743496001 0.005854880 0.004327592 -0.005530996 0.999958277
1745119693264463872.000000 -0.049732666 0.038934879 0.755649745 0.005215242 0.004868450 -0.005491864 0.999959469
1745119693366989056.000000 -0.049793418 0.038893741 0.766734660 0.005057815 0.005008482 -0.005828620 0.999957681
1745119693459567360.000000 -0.052872356 0.038669553 0.778276861 0.005240912 0.006429145 -0.006091883 0.999947131
1745119693562300928.000000 -0.054094017 0.039824873 0.796505928 0.005186113 0.007341778 -0.005953297 0.999941885
1745119693665165312.000000 -0.052690729 0.040561672 0.808002234 0.005921471 0.006898911 -0.006171062 0.999939620
1745119693767397888.000000 -0.055506259 0.042967986 0.818834543 0.007377323 0.008731769 -0.006461172 0.999913812
1745119693859462912.000000 -0.056277476 0.043917190 0.830194890 0.007824722 0.009541001 -0.006857651 0.999900401
1745119693961968128.000000 -0.055493940 0.044200424 0.841829181 0.008427333 0.009175155 -0.006026212 0.999904275
1745119694065149952.000000 -0.058634352 0.041984491 0.854419112 0.006222668 0.011032158 -0.005601717 0.999904156
1745119694167395072.000000 -0.056226775 0.044464976 0.865818381 0.008412042 0.010017826 -0.005399531 0.999899864
1745119694265345024.000000 -0.057743330 0.045008596 0.883757412 0.007732514 0.011194589 -0.006165573 0.999888480
1745119694366947072.000000 -0.057960350 0.045546923 0.895054996 0.008065740 0.011338651 -0.006829600 0.999879897
1745119694459376384.000000 -0.058141574 0.045838803 0.906360447 0.008454413 0.011317569 -0.007301395 0.999873579
1745119694561028352.000000 -0.060116008 0.047470916 0.918137729 0.009510710 0.012051635 -0.006961768 0.999857903
1745119694664095232.000000 -0.059942380 0.050842565 0.930085897 0.011502843 0.011824607 -0.006714579 0.999841452
1745119694767767296.000000 -0.061589524 0.049594857 0.947554052 0.009373741 0.013440537 -0.006595447 0.999844015
1745119694860712960.000000 -0.064934671 0.048333906 0.959094405 0.008530870 0.015676210 -0.005715037 0.999824464
1745119694964039168.000000 -0.064162463 0.049131367 0.969625413 0.010797486 0.014025670 -0.003998488 0.999835432
1745119695067020288.000000 -0.066250570 0.048830785 0.981628001 0.011456666 0.016940434 -0.003525955 0.999784648
1745119695161604096.000000 -0.064622119 0.050670370 0.994134426 0.012767754 0.015571106 -0.002890363 0.999793053
1745119695263871232.000000 -0.066535816 0.051776838 1.005745053 0.013269556 0.016665755 -0.002562715 0.999769807
1745119695367081216.000000 -0.061228190 0.054737374 1.017701387 0.015442393 0.013586804 -0.002288485 0.999785841
1745119695470176256.000000 -0.060941666 0.056018960 1.035696268 0.013687489 0.012811032 -0.002276128 0.999821663
1745119695562889216.000000 -0.065612458 0.055316225 1.047263741 0.012362059 0.016761126 -0.002581159 0.999779761
1745119695664700928.000000 -0.068038069 0.055619471 1.059141755 0.011282814 0.018673897 -0.002715017 0.999758303
1745119695767723008.000000 -0.066753373 0.056000624 1.071177721 0.011662390 0.017785907 -0.002406675 0.999770939
1745119695871039232.000000 -0.065391868 0.056647491 1.082828403 0.012333649 0.017614454 -0.001894460 0.999767005
1745119695962769920.000000 -0.066030361 0.057329178 1.094064355 0.013163057 0.018817319 -0.002092621 0.999734163
1745119696064672000.000000 -0.068153180 0.057653211 1.111970305 0.012608807 0.019072391 -0.002106264 0.999736369
1745119696166305024.000000 -0.068392076 0.058838282 1.122925282 0.015189938 0.019974781 -0.002624206 0.999681652
1745119696269274112.000000 -0.066110753 0.060608588 1.135114670 0.009308008 0.016874887 -0.002678158 0.999810696
1745119696362966016.000000 -0.070035927 0.061201751 1.147048116 0.008314937 0.020766608 -0.003139586 0.999744892
1745119696465021184.000000 -0.070938371 0.062145486 1.158977866 0.007996559 0.021330051 -0.003235047 0.999735296
1745119696567225344.000000 -0.074613720 0.063171051 1.170614004 0.009697830 0.024212951 -0.003751818 0.999652743
1745119696669417216.000000 -0.071679190 0.063710280 1.187994719 0.009187672 0.021002572 -0.002091277 0.999734998
1745119696771113984.000000 -0.074284188 0.064005688 1.199898958 0.009746973 0.023451088 -0.001387417 0.999676526
1745119696866429184.000000 -0.073537290 0.064686254 1.211067438 0.011151566 0.022972880 -0.001019803 0.999673367
1745119696967992064.000000 -0.074040681 0.065594174 1.222088099 0.012872985 0.024012430 -0.000782723 0.999628544
1745119697070256896.000000 -0.074773580 0.066316530 1.233833194 0.014293614 0.025193240 -0.001672488 0.999579012
1745119697172576256.000000 -0.073111102 0.064649276 1.245285988 0.012427469 0.023177711 -0.001367243 0.999653220
1745119697265524992.000000 -0.076594993 0.069226243 1.263773918 0.017730758 0.026846508 -0.000263377 0.999482274
1745119697368561920.000000 -0.075320564 0.070257477 1.274805903 0.019272901 0.025545210 0.000464929 0.999487817
1745119697470404096.000000 -0.075520001 0.072173409 1.286477923 0.022057887 0.026225595 0.000895951 0.999412298
1745119697564670976.000000 -0.075859182 0.071875036 1.297938228 0.021304283 0.026524158 0.000664502 0.999420941
1745119697667130112.000000 -0.076241016 0.075055242 1.310581088 0.025442291 0.027537014 0.000708292 0.999296725
1745119697770270976.000000 -0.077534616 0.075726792 1.322721004 0.025607439 0.029037463 0.001191916 0.999249578
1745119697871995904.000000 -0.078061298 0.077418342 1.340016603 0.026531203 0.029432833 0.000576788 0.999214470
1745119697965111296.000000 -0.077641226 0.077706307 1.351638079 0.026650120 0.028688814 0.002030988 0.999231040
1745119698067409152.000000 -0.076384939 0.077132300 1.362992644 0.024397263 0.029169487 0.002256150 0.999274135
1745119698170810112.000000 -0.074092634 0.075380653 1.372744203 0.022187773 0.026969111 0.002368933 0.999387205
1745119698272601088.000000 -0.085163333 0.080347463 1.372042060 0.027325522 0.030693283 -0.009600595 0.999109149
1745119698374384128.000000 -0.097608037 0.073253997 1.380549669 0.020050025 0.036983114 0.000329987 0.999114692
1745119698467351296.000000 -0.073954962 0.081338763 1.381875753 0.034373499 -0.021342594 0.006448072 0.999160409
1745119698569931008.000000 -0.101112023 0.074500203 1.380752683 0.024506500 0.003198788 0.004252704 0.999685526
1745119698671632128.000000 -0.099963792 0.073822632 1.381247640 0.022350164 -0.012810231 0.004942052 0.999655962
1745119698766521088.000000 -0.100898489 0.074331462 1.381262302 0.022207495 -0.026015583 0.005973368 0.999396980
1745119698869880320.000000 -0.102099895 0.074042618 1.381474853 0.021509631 -0.039241455 0.006883075 0.998974562
1745119698973733120.000000 -0.101494059 0.074312329 1.381658554 0.021649992 -0.055432580 0.007726480 0.998197794
1745119699065694976.000000 -0.101520509 0.074505009 1.381656408 0.021487303 -0.070066355 0.009227912 0.997268260
1745119699168339968.000000 -0.101265505 0.074018583 1.380394816 0.020275936 -0.092596628 0.010779423 0.995438874
1745119699271352320.000000 -0.101678848 0.073245063 1.380366683 0.019418679 -0.107040942 0.010851455 0.994005740
1745119699374618368.000000 -0.101965383 0.073831372 1.380713463 0.019870253 -0.121422611 0.012140847 0.992327750
1745119699477908224.000000 -0.100886039 0.072909087 1.380286694 0.018512279 -0.137900099 0.012367915 0.990195930
1745119699569583104.000000 -0.100907415 0.073077507 1.380117178 0.018260634 -0.153057441 0.013241609 0.987959862
1745119699675527168.000000 -0.102194041 0.074437410 1.380249858 0.019671716 -0.174636617 0.015890524 0.984308183
1745119699777914368.000000 -0.102267973 0.074493639 1.380021811 0.019583618 -0.189126402 0.016844697 0.981612980
1745119699870501888.000000 -0.102285564 0.074287631 1.379804134 0.019247225 -0.204584137 0.016498445 0.978520751
1745119699973963008.000000 -0.101315565 0.074272625 1.380493999 0.018727286 -0.221494511 0.018171167 0.974812448
1745119700076779008.000000 -0.102834135 0.074404068 1.381135702 0.018701637 -0.234454274 0.018358044 0.971773863
1745119700178811904.000000 -0.103243083 0.074292742 1.380638361 0.018061260 -0.248571053 0.019236794 0.968254209
1745119700280891904.000000 -0.102861270 0.074649334 1.380964518 0.019010577 -0.263629556 0.020308511 0.964222848
1745119700373600000.000000 -0.102421582 0.074253574 1.380247116 0.018134711 -0.286618710 0.021439368 0.957633197
1745119700478835968.000000 -0.103588462 0.074487790 1.379472494 0.018618505 -0.298672110 0.022047818 0.953919411
1745119700571031040.000000 -0.102433123 0.073809683 1.379843593 0.017363541 -0.314953059 0.022792853 0.948674679
1745119700673498112.000000 -0.102028094 0.073408149 1.380390525 0.016520552 -0.330362707 0.023537876 0.943415940
1745119700776286208.000000 -0.102591455 0.073688090 1.379936099 0.016980825 -0.344444454 0.023769053 0.938352168
1745119700879233024.000000 -0.102529794 0.074138507 1.381124377 0.019243121 -0.366044849 0.025805362 0.930040300
1745119700982259968.000000 -0.106036931 0.073822394 1.386639953 0.018595053 -0.390636533 0.026711522 0.919969559
1745119701074623232.000000 -0.111912206 0.072178841 1.397848487 0.014288216 -0.414808691 0.026450476 0.909411907
1745119701178278912.000000 -0.121764809 0.072479770 1.403768420 0.014779059 -0.427897871 0.027580906 0.903285265
1745119701281357056.000000 -0.134088933 0.074541032 1.405410171 0.018200263 -0.434600770 0.029843828 0.899944663
1745119701385506048.000000 -0.142249912 0.073094293 1.413385034 0.015528025 -0.453105837 0.029550714 0.890831470
1745119701478050304.000000 -0.155181736 0.073344320 1.424667835 0.017997388 -0.478367776 0.031448677 0.877411783
1745119701580022016.000000 -0.168565243 0.073198140 1.423921347 0.016885865 -0.481481344 0.031481702 0.875727952
1745119701681596160.000000 -0.179959029 0.072765157 1.429415941 0.018122541 -0.493395984 0.031485759 0.869045794
1745119701783262976.000000 -0.189702958 0.072242975 1.431333065 0.017736131 -0.504215419 0.030848991 0.862844527
1745119701877263360.000000 -0.200659484 0.072514944 1.434160709 0.018488729 -0.515780091 0.031046186 0.855958641
1745119701979973376.000000 -0.211793721 0.072579280 1.437447906 0.017816624 -0.527585983 0.031450104 0.848732293
1745119702082708224.000000 -0.227218032 0.072238490 1.440795422 0.018194377 -0.544543982 0.031820185 0.837930977
1745119702184964096.000000 -0.233062625 0.072441220 1.442449093 0.014104145 -0.555391252 0.030230718 0.830919921
1745119702277199360.000000 -0.248810828 0.072733611 1.444148898 0.013462223 -0.565742671 0.029907390 0.823929429
1745119702379475968.000000 -0.259644508 0.072530821 1.445857763 0.012256342 -0.578028202 0.030900886 0.815339386
1745119702481904384.000000 -0.268411636 0.073282972 1.447276711 0.013674537 -0.590084612 0.030769188 0.806639016
1745119702584332288.000000 -0.281420887 0.072816640 1.447829247 0.012335784 -0.600253522 0.031831544 0.799080908
1745119702689181184.000000 -0.294968963 0.072585627 1.448410273 0.013272391 -0.616518021 0.032866500 0.786542535
1745119702791002368.000000 -0.308026195 0.072105810 1.448698282 0.012409223 -0.627774358 0.034444764 0.777533889
1745119702883746048.000000 -0.318552196 0.071890689 1.448390961 0.011642436 -0.638426125 0.034996655 0.768799007
1745119702985904128.000000 -0.329747915 0.071705133 1.448340416 0.011828297 -0.648929775 0.035703648 0.759918153
1745119703087653120.000000 -0.340488791 0.071611568 1.447151899 0.010965952 -0.659270644 0.036571737 0.750935733
1745119703189838080.000000 -0.350458801 0.071553297 1.445921540 0.011077951 -0.669532955 0.037204765 0.741767287
1745119703281525248.000000 -0.366787255 0.071736701 1.443577051 0.010794058 -0.684473157 0.037577707 0.727989018
1745119703383344896.000000 -0.376964450 0.071440488 1.441788077 0.010140643 -0.694054425 0.038286451 0.718832254
1745119703485669120.000000 -0.387256026 0.070983358 1.439756632 0.009958500 -0.703696370 0.039754514 0.709317863
1745119703587610880.000000 -0.398248792 0.070963606 1.437914133 0.010424315 -0.713481247 0.040172324 0.699444115
1745119703690976256.000000 -0.407818079 0.070271574 1.436237216 0.009960190 -0.723544359 0.040851973 0.688995957
1745119703783313152.000000 -0.417837262 0.070644222 1.431825399 0.010536720 -0.731877029 0.042507678 0.680028021
1745119703885062912.000000 -0.432827234 0.070538700 1.427181721 0.010613563 -0.745787740 0.043887842 0.664651692
1745119703987677184.000000 -0.442780852 0.071394742 1.424516201 0.010636085 -0.755203724 0.043965764 0.653927624
1745119704089576960.000000 -0.451557755 0.070976719 1.419941545 0.010023060 -0.763477802 0.044078279 0.644250274
1745119704192246272.000000 -0.461977959 0.072679460 1.416072965 0.011511925 -0.769723296 0.044862319 0.636695266
1745119704295133952.000000 -0.471401572 0.072053842 1.412664294 0.011040644 -0.775152504 0.044655040 0.630097330
1745119704397489152.000000 -0.481831193 0.072596841 1.410295844 0.011156175 -0.780558705 0.045182496 0.623347580
1745119704491652352.000000 -0.496317148 0.073446870 1.405036926 0.011378253 -0.786061227 0.045613516 0.616358519
1745119704594858240.000000 -0.504762769 0.074184239 1.399484754 0.012529349 -0.786758840 0.046025414 0.615414679
1745119704687457024.000000 -0.514324188 0.072747767 1.397019386 0.011921319 -0.789779186 0.044983111 0.611623466
1745119704789662208.000000 -0.524684906 0.072774000 1.394002080 0.012156295 -0.791792810 0.044919595 0.609014511
1745119704891278336.000000 -0.533766270 0.072810575 1.390243173 0.012456818 -0.792827308 0.045269094 0.607635140
1745119704983741952.000000 -0.544102073 0.073584124 1.386594534 0.013338948 -0.794197202 0.046112020 0.605761170
1745119705097786880.000000 -0.552974463 0.073325507 1.382871628 0.013826680 -0.795289457 0.046431996 0.604290962
1745119705190257152.000000 -0.567204118 0.073847599 1.377048731 0.014487123 -0.796004593 0.048001654 0.603210270
1745119705294817280.000000 -0.576927662 0.073595591 1.374600172 0.014561208 -0.797217607 0.048234694 0.601585865
1745119705397174016.000000 -0.586206436 0.072849467 1.370427966 0.014159459 -0.797011554 0.047885906 0.601896226
1745119705492257024.000000 -0.595114470 0.073534161 1.366176605 0.014655536 -0.797023177 0.049273774 0.601756930
1745119705595094272.000000 -0.605329990 0.072391845 1.364237785 0.014977859 -0.798615575 0.048816524 0.599671423
1745119705697669376.000000 -0.615063667 0.071693979 1.361425638 0.015065892 -0.799264789 0.048668440 0.598815680
1745119705789221888.000000 -0.629245162 0.071020313 1.356528997 0.014757066 -0.799998462 0.048261840 0.597875893
1745119705890973184.000000 -0.639178276 0.069679663 1.354120016 0.014050677 -0.800382793 0.047272120 0.597457409
1745119706004379136.000000 -0.648473144 0.071235612 1.349215031 0.015280608 -0.799220324 0.049439292 0.598806441
1745119706086839296.000000 -0.657461047 0.070426859 1.345301270 0.014829134 -0.798085272 0.048677471 0.600392044
1745119706189197056.000000 -0.667299032 0.070041716 1.341589212 0.015761295 -0.797368824 0.049047288 0.601289392
1745119706292739072.000000 -0.676594496 0.069815770 1.337961555 0.016176043 -0.796847999 0.049317863 0.601946414
1745119706395896320.000000 -0.689875484 0.068722814 1.334170341 0.015413141 -0.798022509 0.049229573 0.600415766
1745119706487389952.000000 -0.695204973 0.066178612 1.329115391 0.011724107 -0.806153834 0.046650849 0.589747727
1745119706589709312.000000 -0.695522428 0.065650582 1.329070330 0.012033527 -0.809856057 0.048415434 0.584503472
1745119706691982336.000000 -0.695448160 0.067803234 1.328574300 0.013233032 -0.818717182 0.050041657 0.571859300
1745119706794116352.000000 -0.695336938 0.068164602 1.328431845 0.013177973 -0.826934218 0.050429899 0.559877634
1745119706897328128.000000 -0.694710851 0.067747727 1.328499436 0.012799175 -0.839231551 0.049700815 0.541346967
1745119706989605888.000000 -0.692612290 0.067820393 1.324484110 0.011987846 -0.844444513 0.050640956 0.533109188
1745119707092877056.000000 -0.692018628 0.068835184 1.322387338 0.012627065 -0.850877583 0.051747490 0.522656798
1745119707196853248.000000 -0.690009952 0.068317488 1.319191694 0.011293616 -0.856417954 0.051745620 0.513559282
1745119707289096960.000000 -0.689250827 0.068312205 1.318575859 0.010578495 -0.863050938 0.051733486 0.502349436
1745119707391230208.000000 -0.688543320 0.067371354 1.316557765 0.010212851 -0.868776739 0.050523262 0.492514163
1745119707493402880.000000 -0.688023090 0.067839697 1.315140128 0.009934964 -0.875364721 0.051634345 0.480595350
1745119707596309248.000000 -0.688695788 0.068892553 1.316009045 0.010946845 -0.886124671 0.052643556 0.460317254
1745119707689941248.000000 -0.686164379 0.067887031 1.312482119 0.009298275 -0.890826046 0.052561078 0.451198310
1745119707791753984.000000 -0.686094046 0.066885844 1.312335968 0.008862728 -0.896914244 0.051037274 0.439159989
1745119707895112960.000000 -0.685208440 0.066333950 1.310300946 0.007853207 -0.902219534 0.050876133 0.428193688
1745119707998095360.000000 -0.682303548 0.067391098 1.307841420 0.008124779 -0.906859457 0.052490033 0.418072581
1745119708101500928.000000 -0.681317329 0.068421684 1.306987882 0.009190233 -0.912347972 0.052904204 0.405879259
1745119708193240064.000000 -0.681297779 0.068526477 1.304262638 0.008872442 -0.920214713 0.053812411 0.387595654
1745119708296899072.000000 -0.681330919 0.068520702 1.304232359 0.009426556 -0.925531268 0.053362470 0.374773860
1745119708398849280.000000 -0.681587219 0.068425171 1.304048181 0.008784778 -0.931067646 0.053679194 0.360769212
1745119708500974080.000000 -0.681739330 0.068354629 1.303914428 0.010306609 -0.935687482 0.053920757 0.348533154
1745119708602801152.000000 -0.682622671 0.068271801 1.303083897 0.010169664 -0.943617582 0.057281263 0.325885534
1745119708696221952.000000 -0.683939219 0.068037882 1.301876307 0.008139445 -0.953493178 0.052055795 0.296773970
1745119708799267328.000000 -0.685867786 0.067571893 1.299980044 0.008468357 -0.958515406 0.051043432 0.280305326
1745119708893629952.000000 -0.686984181 0.067322046 1.298905969 0.009414224 -0.963431060 0.050903190 0.262908399
1745119708998798080.000000 -0.688099504 0.067138202 1.297731757 0.010606037 -0.967979252 0.051295448 0.245504454
1745119709103472128.000000 -0.689204454 0.066912048 1.296499133 0.011007402 -0.972665131 0.050519019 0.226383060
1745119709195593984.000000 -0.690365553 0.066868141 1.295155287 0.010688218 -0.976806223 0.051149026 0.207651615
1745119709297904896.000000 -0.692934990 0.066931464 1.295470357 0.010535207 -0.983157098 0.052128434 0.174853876
1745119709399492352.000000 -0.695476890 0.066560417 1.294389009 0.010133566 -0.989328027 0.049313817 0.136731744
1745119709502567168.000000 -0.697775364 0.066625342 1.293681979 0.009173078 -0.993007004 0.050187211 0.106462322
1745119709605329920.000000 -0.699701071 0.066672899 1.293036342 0.009415831 -0.995691836 0.051871762 0.076278903
1745119709697593088.000000 -0.701979518 0.066819258 1.292074561 0.008854184 -0.997498691 0.054299947 0.044378519
1745119709800314112.000000 -0.705046654 0.066791400 1.291089416 0.009416322 -0.998432577 0.054940071 0.005032941
1745119709902806016.000000 -0.708118737 0.067224711 1.289776564 -0.008960135 0.997539222 -0.059400648 0.036149323
1745119709995385088.000000 -0.711884797 0.067172177 1.287546992 -0.008459748 0.993842125 -0.059927490 0.092817165
1745119710098132992.000000 -0.714443147 0.068620339 1.285538077 -0.005156892 0.988422811 -0.072676122 0.133086517
1745119710210410240.000000 -0.714136064 0.068531647 1.284803391 -0.004225721 0.986427188 -0.072034858 0.147494316
1745119710302636032.000000 -0.713892937 0.068494916 1.284091830 -0.004453043 0.983902276 -0.073193900 0.162969828
1745119710395250944.000000 -0.713528097 0.068411916 1.283419847 -0.004618368 0.981577575 -0.070232823 0.177627519
1745119710499319040.000000 -0.713996530 0.069077551 1.282194853 -0.003733035 0.976993084 -0.074765734 0.199701577
1745119710603656960.000000 -0.714400232 0.068702281 1.280494690 -0.004115118 0.970329881 -0.071212493 0.231023356
1745119710695985152.000000 -0.714326978 0.069122910 1.279449224 -0.003924910 0.965736330 -0.074578881 0.248547822
1745119710797995008.000000 -0.714813113 0.069686264 1.277725220 -0.003381520 0.958303273 -0.079965085 0.274315745
1745119710900101888.000000 -0.714617848 0.069961771 1.276726604 -0.002733720 0.952776492 -0.082957238 0.292108953
1745119711001946880.000000 -0.714295030 0.069803700 1.275958896 -0.002397559 0.947954893 -0.080836378 0.307963371
1745119711105458944.000000 -0.714088917 0.069935337 1.275183201 -0.001866105 0.942519724 -0.082781859 0.323728889
1745119711198149120.000000 -0.717248440 0.070572376 1.271675229 0.001129264 0.919562638 -0.090654597 0.382341504
1745119711301701376.000000 -0.716667056 0.070501372 1.271376252 0.001126540 0.917329192 -0.090991713 0.387590587
1745119711404406016.000000 -0.714836359 0.070202380 1.272289872 -0.001012085 0.922630787 -0.087372936 0.375655949
1745119711506319360.000000 -0.716061234 0.070460021 1.270286322 0.001117959 0.910755694 -0.090946518 0.402804643
1745119711598766080.000000 -0.714207590 0.070114031 1.271771669 -0.000103074 0.919140458 -0.086759031 0.384257287
1745119711702334208.000000 -0.713733912 0.070040569 1.271529078 -0.000120271 0.918326855 -0.086392045 0.386280060
1745119711804314112.000000 -0.713453114 0.070010632 1.271157622 0.000084309 0.916493833 -0.086820245 0.390514165
1745119711906482944.000000 -0.713181973 0.069966912 1.270906448 0.000518570 0.915701032 -0.087149560 0.392296344
1745119711998358016.000000 -0.712910652 0.069929138 1.270509958 0.001592217 0.914468944 -0.087355472 0.395111531
1745119712102721280.000000 -0.712593377 0.069897532 1.270418525 0.001908114 0.914594769 -0.087842107 0.394710809
1745119712204813312.000000 -0.712243438 0.069856733 1.270138144 0.002604401 0.914468229 -0.088383950 0.394878924
1745119712306878208.000000 -0.711965322 0.069767758 1.269845009 0.002848169 0.914167643 -0.088158950 0.395622998
1745119712399158272.000000 -0.711579442 0.069726586 1.269464493 0.002876255 0.913838625 -0.088191949 0.396374911
1745119712501985024.000000 -0.711279154 0.069655985 1.269109368 0.003389788 0.913479686 -0.088350996 0.397161871
1745119712604721920.000000 -0.710979521 0.069566742 1.268856287 0.003586173 0.913352311 -0.087562926 0.397627354
1745119712699229952.000000 -0.710698128 0.069619253 1.268795490 0.004040251 0.913920224 -0.088273540 0.396158218
1745119712805088000.000000 -0.710410178 0.069578469 1.268600106 0.004209180 0.914295733 -0.088304184 0.395282328
1745119712906873344.000000 -0.710108697 0.069539219 1.268358588 0.004679581 0.914147854 -0.088486001 0.395578116
1745119713008541184.000000 -0.709645092 0.069493666 1.268014550 0.002871395 0.914569378 -0.087096423 0.394929022
1745119713100934912.000000 -0.709312260 0.069426805 1.267706513 0.002208526 0.914663613 -0.085165597 0.395135909
1745119713203148032.000000 -0.709029675 0.069434717 1.267435193 0.002416534 0.914479494 -0.085929163 0.395395517
1745119713304950272.000000 -0.708685219 0.069392562 1.267255664 0.003012191 0.914498925 -0.085633479 0.395410687
1745119713406956288.000000 -0.708435714 0.069354936 1.266957641 0.003443088 0.914103031 -0.086517997 0.396129340
1745119713508601088.000000 -0.708145022 0.069304287 1.266757727 0.004522968 0.914028347 -0.087725051 0.396025360
1745119713611335936.000000 -0.707731187 0.069185793 1.266398311 0.004728794 0.913846552 -0.088385426 0.396295607
1745119713703032320.000000 -0.707425892 0.069066122 1.266237140 0.004530991 0.914274395 -0.087859489 0.395427108
1745119713805395200.000000 -0.707117260 0.069109887 1.266004920 0.005107780 0.914209545 -0.089457229 0.395211667
1745119713907279872.000000 -0.706855774 0.069055215 1.265654802 0.005080035 0.913547814 -0.089396156 0.396752983
1745119714010733056.000000 -0.706564248 0.069055662 1.265387535 0.005276163 0.913390517 -0.089913033 0.396995693
1745119714104663040.000000 -0.706241488 0.069049910 1.265108824 0.005436578 0.913172066 -0.090482749 0.397366554
1745119714207224064.000000 -0.705717444 0.068981200 1.264884353 0.005849610 0.913965285 -0.089665361 0.395718932
1745119714309736960.000000 -0.705509961 0.068909138 1.264495492 0.005767270 0.913341165 -0.089533992 0.397188187
1745119714412101376.000000 -0.705088198 0.068875283 1.264478445 0.006075758 0.914784133 -0.089300431 0.393901795
1745119714513719040.000000 -0.704833984 0.068838924 1.264081359 0.006293476 0.914004505 -0.089590482 0.395638466
1745119714616877056.000000 -0.704626560 0.068768725 1.263774276 0.006353075 0.913652718 -0.089725241 0.396418720
1745119714710163968.000000 -0.704306066 0.068757296 1.263563037 0.006477644 0.913608551 -0.089704968 0.396523088
1745119714812103936.000000 -0.703848481 0.068702072 1.263194561 0.006292369 0.913788915 -0.089051776 0.396257550
1745119714914392320.000000 -0.703496397 0.068733469 1.263007522 0.006825795 0.914183438 -0.089912042 0.395142823
1745119715010761984.000000 -0.703152537 0.068549246 1.262826085 0.006134033 0.914748073 -0.087772682 0.394327849
1745119715114864384.000000 -0.702891707 0.068633199 1.262561202 0.007066302 0.914157808 -0.089798532 0.395223886
1745119715207574016.000000 -0.702640653 0.068463162 1.262249947 0.006164496 0.913863957 -0.087896951 0.396344274
1745119715310372096.000000 -0.702309310 0.068419501 1.261983991 0.006628714 0.913917005 -0.088368095 0.396109641
1745119715412753152.000000 -0.701908290 0.068360373 1.261565328 0.007047650 0.913607478 -0.088327311 0.396825016
1745119715517306368.000000 -0.701500654 0.068388656 1.261420369 0.007573067 0.914241135 -0.089749776 0.395032704
1745119715610950912.000000 -0.701264858 0.068290547 1.261141419 0.007011604 0.914071381 -0.088375650 0.395745039
1745119715713280256.000000 -0.700912595 0.068297163 1.260959506 0.007034411 0.914392531 -0.088473633 0.394980192
1745119715817355264.000000 -0.700585544 0.068230972 1.260770917 0.006345545 0.914953470 -0.087857127 0.393828720
1745119715919693312.000000 -0.700361609 0.068169057 1.260425210 0.006975432 0.913852155 -0.089079693 0.396094084
1745119716012344064.000000 -0.699951708 0.068045124 1.260006189 0.006569614 0.913313091 -0.087430134 0.397708654
1745119716113986304.000000 -0.699587405 0.068085715 1.259810567 0.006938550 0.913790524 -0.087654717 0.396554351
1745119716215798016.000000 -0.699321628 0.067945614 1.259585619 0.006726052 0.913754821 -0.086868733 0.396813333
1745119716317472256.000000 -0.699003100 0.067991838 1.259330392 0.006943812 0.913620055 -0.088546954 0.396748811
1745119716410518272.000000 -0.698698640 0.068015203 1.259064913 0.006902547 0.913482726 -0.089893714 0.396763116
1745119716512627200.000000 -0.698398769 0.067892537 1.258848786 0.006020820 0.913557410 -0.088305116 0.396962017
1745119716613960960.000000 -0.697952867 0.067834675 1.258496046 0.006412675 0.913300812 -0.088296503 0.397547871
1745119716716318976.000000 -0.697675943 0.067812279 1.258233666 0.007004722 0.912797868 -0.088853322 0.398567587
1745119716819520000.000000 -0.697392344 0.067755297 1.257982254 0.006820477 0.912615836 -0.088466763 0.399073273
1745119716912498944.000000 -0.697070003 0.067733884 1.257745147 0.007413965 0.912648082 -0.088867523 0.398899943
1745119717017904384.000000 -0.696717203 0.067712173 1.257560730 0.007692869 0.913199723 -0.088836335 0.397637278
1745119717110908928.000000 -0.696393132 0.067664862 1.257376432 0.007827694 0.913737774 -0.088613696 0.396446258
1745119717212666368.000000 -0.696145058 0.067623362 1.257069826 0.008155513 0.913178980 -0.089781724 0.397463292
1745119717319348992.000000 -0.695700705 0.067596883 1.256684542 0.008372759 0.913106143 -0.090782270 0.397398740
1745119717422767104.000000 -0.695462286 0.067542687 1.256365180 0.008352471 0.912574947 -0.090221725 0.398744613
1745119717520513024.000000 -0.695154607 0.067478612 1.256071448 0.008140336 0.911923885 -0.089928560 0.400301754
1745119717612244992.000000 -0.694913208 0.067432702 1.255732059 0.008297345 0.910994947 -0.090454541 0.402290106
1745119717715860992.000000 -0.694544733 0.067424983 1.255609751 0.008002301 0.911969006 -0.091166914 0.399921417
1745119717811807232.000000 -0.694142759 0.067410886 1.255510926 0.008348382 0.913114905 -0.091009729 0.397327065
1745119717914097920.000000 -0.693784535 0.067269221 1.255025744 0.009225454 0.911741793 -0.089428283 0.400804698
1745119718018175232.000000 -0.693449497 0.067223236 1.254868388 0.009845240 0.912332892 -0.089506149 0.399425149
1745119718120563968.000000 -0.693122625 0.067185953 1.254671335 0.010206411 0.912760377 -0.089859426 0.398358762
1745119718215147008.000000 -0.692878962 0.067149833 1.254357815 0.009689073 0.911811709 -0.090510450 0.400391668
1745119718318129152.000000 -0.692561448 0.067108914 1.254155278 0.009536799 0.912161767 -0.090321705 0.399639815
1745119718421531904.000000 -0.692274570 0.067101553 1.253862500 0.009770574 0.911382258 -0.090933532 0.401270539
1745119718515335936.000000 -0.691808224 0.067030847 1.253515482 0.009462770 0.911721945 -0.091070794 0.400474310
1745119718617909248.000000 -0.691516638 0.067009166 1.253261924 0.009447066 0.911772192 -0.091999456 0.400147945
1745119718720093952.000000 -0.691265821 0.066975683 1.252911687 0.008891247 0.911317706 -0.092488170 0.401082158
1745119718822451968.000000 -0.690900505 0.066950515 1.252839565 0.008832278 0.913282454 -0.093184203 0.396426320
1745119718914643968.000000 -0.690522075 0.066931203 1.252729654 0.007352259 0.915418565 -0.091601692 0.391872346
1745119719017280000.000000 -0.690285981 0.066853553 1.252151251 0.006181818 0.912787974 -0.088430181 0.398697913
1745119719120706048.000000 -0.689840436 0.066838667 1.251951814 0.007684472 0.914043009 -0.090490066 0.395319968
1745119719223951104.000000 -0.689547241 0.066810176 1.251726031 0.008181107 0.914219499 -0.091811135 0.394596726
1745119719317912064.000000 -0.689281702 0.066747114 1.251435757 0.008450719 0.913762569 -0.091357149 0.395753056
1745119719413296896.000000 -0.688989401 0.066708460 1.251204371 0.009200865 0.914063871 -0.091394447 0.395031363
1745119719515175168.000000 -0.688674927 0.066667944 1.251006961 0.009139110 0.914871693 -0.090684496 0.393322647
1745119719618621952.000000 -0.688382506 0.066658542 1.250725746 0.009395256 0.915039659 -0.091704413 0.392688781
1745119719714230016.000000 -0.687945426 0.066587552 1.250293493 0.009762147 0.914956748 -0.091377206 0.392949283
1745119719827885056.000000 -0.687647641 0.066560730 1.250088573 0.009921309 0.915613353 -0.091970712 0.391273856
1745119719920933120.000000 -0.687365949 0.066534102 1.249832749 0.010306831 0.916593432 -0.093745485 0.388538480
1745119720023944192.000000 -0.687047958 0.066469043 1.249648333 0.011384972 0.918581367 -0.093954049 0.383733481
1745119720126317312.000000 -0.686771393 0.066392422 1.249412894 0.011847497 0.919617534 -0.093341693 0.381379873
1745119720229553920.000000 -0.686504066 0.066356793 1.249199748 0.012762353 0.920634389 -0.094693609 0.378553331
1745119720322352896.000000 -0.686192036 0.066245005 1.249130130 0.013016012 0.915305674 -0.091708548 0.391963959
1745119720424270080.000000 -0.686235368 0.066143304 1.249142408 0.013252527 0.912622869 -0.089904837 0.398573667
1745119720526107136.000000 -0.686170578 0.066164628 1.249202728 0.012541036 0.907028615 -0.089578211 0.411239117
1745119720629739008.000000 -0.686112225 0.066176370 1.249300599 0.012264481 0.902780533 -0.088896759 0.420635611
1745119720725480192.000000 -0.686203241 0.066063732 1.249199986 0.010063285 0.894877315 -0.085209787 0.437987208
1745119720819884032.000000 -0.686008394 0.066125900 1.249501467 0.010048244 0.893786073 -0.086070433 0.440042645
1745119720926578944.000000 -0.686011851 0.066148818 1.249462128 0.008828134 0.883489192 -0.086155944 0.460376024
1745119721029961216.000000 -0.685993314 0.066133447 1.249489784 0.008510243 0.876915157 -0.085058220 0.472982615
1745119721124596992.000000 -0.685942888 0.066167317 1.249637604 0.008070185 0.873300076 -0.084950916 0.479651242
1745119721230087168.000000 -0.685917854 0.066202976 1.249652505 0.007421669 0.866496563 -0.085675873 0.491719902
1745119721323892992.000000 -0.685936570 0.066173181 1.249658585 0.006791835 0.859493673 -0.083779290 0.504188001
1745119721436562176.000000 -0.685906768 0.066176265 1.249688268 0.005956102 0.852709413 -0.083399802 0.515650749
1745119721530863360.000000 -0.685780048 0.066196047 1.249883533 0.005283223 0.845001698 -0.082786500 0.528290331
1745119721638041344.000000 -0.685774207 0.066197596 1.249888897 0.004361110 0.837571621 -0.081678554 0.540169775
1745119721732584960.000000 -0.685798407 0.066191129 1.249902725 0.003832668 0.830067754 -0.081024915 0.551731765
1745119721835066368.000000 -0.685784698 0.066176690 1.249918103 0.003024769 0.822367430 -0.079970270 0.563300490
1745119721931233280.000000 -0.685785174 0.066194169 1.249957561 0.002699451 0.815170348 -0.079840310 0.573685944
1745119722045275904.000000 -0.685802221 0.066220425 1.249958873 0.002065114 0.806800306 -0.079759136 0.585412323
1745119722128460288.000000 -0.685771585 0.066232309 1.249963284 0.001589261 0.794766128 -0.079408921 0.601696312
1745119722221595904.000000 -0.685795784 0.066237688 1.249947906 0.000627627 0.785549819 -0.079006270 0.613733828
1745119722325052928.000000 -0.685761213 0.066253707 1.250064254 0.001076906 0.778568685 -0.077937715 0.622700095
1745119722427674368.000000 -0.685722351 0.066349059 1.250139117 0.001033681 0.771334708 -0.079810046 0.631404936
1745119722523619072.000000 -0.685790181 0.066321425 1.250320792 0.000120503 0.765079021 -0.078441918 0.639140785
1745119722628581888.000000 -0.685784817 0.066332147 1.250300646 -0.000242675 0.755072176 -0.077704519 0.651020706
1745119722731131136.000000 -0.685750961 0.066315293 1.250281930 -0.000793394 0.741017103 -0.076311901 0.667135417
1745119722831166976.000000 -0.685764551 0.066343836 1.250269413 -0.001963952 0.731134772 -0.076881729 0.677884459
1745119722923328256.000000 -0.685630560 0.066285990 1.250473499 -0.002173312 0.725976050 -0.075009875 0.683613718
1745119723027747072.000000 -0.685432673 0.066293955 1.250420094 -0.001695280 0.708324373 -0.075129665 0.701875508
1745119723130450944.000000 -0.685063481 0.066180550 1.250367165 -0.003240459 0.693130612 -0.068610638 0.717531919
1745119723225608960.000000 -0.684758544 0.066237874 1.250367165 -0.004925371 0.680641413 -0.070811220 0.729169905
1745119723329996032.000000 -0.684361458 0.066139229 1.250183582 -0.008559661 0.656357110 -0.067717940 0.751356363
1745119723432031232.000000 -0.684013128 0.066118948 1.250211358 -0.008918017 0.643244505 -0.067224458 0.762651980
1745119723524832000.000000 -0.683883905 0.066022895 1.249819875 -0.011649169 0.618730545 -0.065029293 0.782820523
1745119723627147264.000000 -0.683652163 0.066124007 1.249760151 -0.007279588 0.602945328 -0.065880015 0.795024395
1745119723730084096.000000 -0.683373153 0.066165075 1.249801278 -0.006258796 0.589093328 -0.066180289 0.805326045
1745119723824142336.000000 -0.683091462 0.066058092 1.249435306 -0.008798232 0.560748398 -0.063163348 0.825526655
1745119723938110976.000000 -0.682745159 0.066039294 1.249411941 -0.009666134 0.542189777 -0.061001897 0.837983131
1745119724031384320.000000 -0.681999147 0.065840632 1.248526931 -0.015631016 0.476735234 -0.051884327 0.877375245
1745119724135097344.000000 -0.681530833 0.065824002 1.248274922 -0.015161290 0.444115996 -0.050195705 0.894433618
1745119724227562240.000000 -0.681147397 0.065788284 1.248233557 -0.016502824 0.419397533 -0.048462499 0.906358063
1745119724333975040.000000 -0.680657625 0.065697536 1.248026967 -0.018795352 0.383832693 -0.046925962 0.922018051
1745119724438266880.000000 -0.680292964 0.065690100 1.248052955 -0.019524753 0.357584238 -0.044741333 0.932604134
1745119724530128128.000000 -0.680284381 0.065713249 1.248299360 -0.019330550 0.343782783 -0.043284282 0.937851906
1745119724634108160.000000 -0.680244446 0.065747626 1.248445749 -0.018755712 0.332679719 -0.042765770 0.941882968
1745119724728676352.000000 -0.680156350 0.065760471 1.248566866 -0.015612528 0.318231553 -0.042327002 0.946938932
1745119724831820288.000000 -0.680107832 0.065782912 1.248709321 -0.018246302 0.306308717 -0.040256727 0.950905561
1745119724936310016.000000 -0.679998517 0.065807343 1.248833776 -0.019332960 0.290793061 -0.038508996 0.955815196
1745119725038575104.000000 -0.679920733 0.065789640 1.248959064 -0.022181779 0.275925994 -0.036034804 0.960247040
1745119725132316160.000000 -0.679891586 0.065814175 1.249104977 -0.021690007 0.263514012 -0.035050102 0.963774562
1745119725234542080.000000 -0.679819882 0.065855473 1.249329209 -0.020524291 0.244208783 -0.034003146 0.968909025
1745119725338524160.000000 -0.679776311 0.065835960 1.249465704 -0.022239311 0.230251938 -0.031604514 0.972363412
1745119725431076352.000000 -0.679746926 0.065848798 1.249609232 -0.022407131 0.217670217 -0.030842237 0.975277603
1745119725533947904.000000 -0.679699242 0.065861039 1.249738216 -0.022867110 0.203504190 -0.029870328 0.978351116
1745119725627908352.000000 -0.679683983 0.065868117 1.249876261 -0.023595518 0.190246984 -0.028504565 0.981038690
1745119725733231360.000000 -0.679687440 0.065901347 1.250099182 -0.022833897 0.172734410 -0.027666127 0.984314978
1745119725835657984.000000 -0.679646373 0.065905683 1.250236750 -0.024664074 0.157681569 -0.025649736 0.986848652
1745119725929871360.000000 -0.679622769 0.065945499 1.250380993 -0.023168191 0.143912494 -0.024543202 0.989014685
1745119726032777984.000000 -0.679609776 0.065973938 1.250527263 -0.022790039 0.130228594 -0.023234453 0.990949690
1745119726134769920.000000 -0.679612637 0.066008396 1.250660062 -0.021880288 0.117515154 -0.022123519 0.992583513
1745119726227324928.000000 -0.679642498 0.066039093 1.250791669 -0.022119069 0.107535094 -0.021266470 0.993727684
1745119726329761024.000000 -0.679613829 0.066008568 1.250929952 -0.025866570 0.097660102 -0.020183815 0.994678855
1745119726433909248.000000 -0.679604232 0.065998778 1.251128435 -0.027897205 0.086685307 -0.019160008 0.995660722
1745119726536001280.000000 -0.679574192 0.065999858 1.251265168 -0.029001743 0.079302877 -0.017806355 0.996269524
1745119726641509888.000000 -0.679505527 0.066014312 1.251389384 -0.029024577 0.070976645 -0.016794829 0.996914208
1745119726733473024.000000 -0.679457724 0.066032708 1.251513124 -0.027490767 0.064606249 -0.016453044 0.997396410
1745119726835877120.000000 -0.679451525 0.066024043 1.251655221 -0.029636592 0.061518878 -0.016353598 0.997531831
1745119726939026176.000000 -0.679431498 0.066003986 1.251792073 -0.031262100 0.058053385 -0.016641254 0.997685134
1745119727031603200.000000 -0.679450691 0.065988131 1.251998186 -0.034421228 0.057331599 -0.016916677 0.997618258
1745119727135347200.000000 -0.679383159 0.065992750 1.252120376 -0.035160143 0.052288719 -0.016065929 0.997883558
1745119727237244160.000000 -0.679360628 0.065999478 1.252256632 -0.036226109 0.050023634 -0.016176736 0.997959733
1745119727339351296.000000 -0.679367304 0.066016421 1.252396703 -0.037054650 0.050850101 -0.015940424 0.997891426
1745119727432492288.000000 -0.679365039 0.066050850 1.252530217 -0.036174159 0.049673542 -0.015777258 0.997985542
1745119727534906112.000000 -0.679357409 0.066057853 1.252663970 -0.039303709 0.048163235 -0.015594567 0.997944117
1745119727639732992.000000 -0.679354429 0.066045314 1.252875090 -0.040974706 0.047502011 -0.015637362 0.997907877
1745119727731750912.000000 -0.679321289 0.066047825 1.253000855 -0.041924238 0.046069399 -0.015150774 0.997943103
1745119727834007296.000000 -0.679311991 0.066049591 1.253137112 -0.042991471 0.046840347 -0.016192192 0.997845471
1745119727937936896.000000 -0.679319739 0.066051878 1.253272414 -0.045144260 0.048228569 -0.016676737 0.997676253
1745119728032977152.000000 -0.679302990 0.066088483 1.253400564 -0.043172248 0.048211459 -0.016935220 0.997759998
1745119728136656896.000000 -0.679259241 0.066092737 1.253533840 -0.045741975 0.044478647 -0.016602343 0.997824490
1745119728239982080.000000 -0.679266155 0.066091016 1.253738880 -0.049980164 0.047084000 -0.017618500 0.997484267
1745119728332556288.000000 -0.679260910 0.066117011 1.253847957 -0.048827693 0.048444554 -0.017768195 0.997473478
1745119728445697024.000000 -0.679344654 0.066135600 1.253959894 -0.048782188 0.058241241 -0.018492186 0.996938467
1745119728538457088.000000 -0.679329753 0.066147208 1.254046202 -0.049713477 0.057291809 -0.018264391 0.996951699
1745119728640228352.000000 -0.679264307 0.066168778 1.254116416 -0.048481178 0.052997492 -0.018153720 0.997251868
1745119728743298048.000000 -0.679253936 0.066162787 1.254190683 -0.050281011 0.052930400 -0.018025734 0.997168660
1745119728836233216.000000 -0.679255784 0.066174082 1.254283071 -0.050683118 0.054204743 -0.017740784 0.997084975
1745119728940388096.000000 -0.679242074 0.066185221 1.254332900 -0.050026398 0.056074835 -0.017494731 0.997019053
1745119729043008000.000000 -0.679251194 0.066173643 1.254391432 -0.052155159 0.059543125 -0.017947886 0.996700704
1745119729145908224.000000 -0.679255724 0.066171609 1.254434586 -0.052742243 0.062170740 -0.018234663 0.996504247
1745119729239898880.000000 -0.679275393 0.066174529 1.254478216 -0.053077981 0.067064129 -0.018659944 0.996161103
1745119729343656960.000000 -0.679273903 0.066183865 1.254518270 -0.052223261 0.070074886 -0.019302746 0.995986819
1745119729445852160.000000 -0.679247558 0.066191681 1.254563332 -0.051684007 0.076161943 -0.019847287 0.995557249
1745119729547703296.000000 -0.679273009 0.066212803 1.254593611 -0.049792916 0.075182296 -0.018536683 0.995753348
1745119729639224320.000000 -0.679266512 0.066189624 1.254614234 -0.053160001 0.063727342 -0.017321231 0.996399939
1745119729741331200.000000 -0.679302335 0.066190548 1.254621267 -0.053724896 0.054068692 -0.015467432 0.996970892
1745119729846006272.000000 -0.679284334 0.066185571 1.254625678 -0.054779753 0.037190564 -0.014130681 0.997705579
1745119729948434176.000000 -0.679296374 0.066183813 1.254631877 -0.055449702 0.023729639 -0.011761551 0.998110235
1745119730042155008.000000 -0.679288030 0.066187851 1.254629850 -0.055096082 0.007207784 -0.010201327 0.998402953
1745119730145337088.000000 -0.679291368 0.066189222 1.254639506 -0.055506483 -0.015460053 -0.007465395 0.998310745
1745119730248284160.000000 -0.679287493 0.066184692 1.254638433 -0.056338634 -0.030466707 -0.006119486 0.997928023
1745119730339702016.000000 -0.679287612 0.066184886 1.254639387 -0.056976236 -0.045999181 -0.004563515 0.997304916
1745119730442446336.000000 -0.679287732 0.066185154 1.254644871 -0.057350803 -0.062086757 -0.002719419 0.996417999
1745119730544858880.000000 -0.679288089 0.066184729 1.254647136 -0.057788126 -0.078510441 -0.001308142 0.995236099
1745119730647258880.000000 -0.679287851 0.066186063 1.254650235 -0.058054268 -0.101564385 0.001547266 0.993132472
1745119730739238144.000000 -0.679288566 0.066185944 1.254652023 -0.058369454 -0.117307238 0.003216374 0.991373718
1745119730853814016.000000 -0.679288030 0.066186339 1.254652977 -0.059077349 -0.132031798 0.004361071 0.989473820
1745119730948089088.000000 -0.679287851 0.066186406 1.254652023 -0.059564572 -0.147682592 0.006524242 0.987217963
1745119731050383360.000000 -0.679289460 0.066187516 1.254656553 -0.060214531 -0.162971586 0.008568522 0.984754384
1745119731142298112.000000 -0.679286599 0.066187851 1.254654765 -0.060567353 -0.178313032 0.009494878 0.982062101
1745119731244937216.000000 -0.679298401 0.066188470 1.254669666 -0.061349288 -0.200830102 0.011493732 0.977635682
1745119731350242048.000000 -0.679299593 0.066188850 1.254672289 -0.061977588 -0.216073066 0.014304725 0.974303186
1745119731443160064.000000 -0.679297566 0.066188358 1.254671097 -0.062099878 -0.230793402 0.015323494 0.970898211
1745119731547296000.000000 -0.679297447 0.066187948 1.254670382 -0.062991917 -0.245935395 0.016973915 0.967088282
1745119731650004224.000000 -0.679302990 0.066189751 1.254679441 -0.062752962 -0.259361744 0.017507153 0.963580430
1745119731756252928.000000 -0.679303229 0.066189758 1.254680157 -0.063893251 -0.275056750 0.020429755 0.959084988
1745119731858117376.000000 -0.679303229 0.066189654 1.254680634 -0.064371809 -0.296432883 0.022633927 0.952612996
1745119731954667008.000000 -0.679304421 0.066190004 1.254684091 -0.064970493 -0.312043279 0.023816407 0.947544515
1745119732046312192.000000 -0.679305851 0.066189840 1.254684091 -0.065479398 -0.326185077 0.024378352 0.942720234
1745119732149177344.000000 -0.679307222 0.066189997 1.254685283 -0.066413626 -0.340441912 0.027375512 0.937517524
1745119732251888384.000000 -0.679308236 0.066189989 1.254685879 -0.066117771 -0.353986740 0.028371580 0.932478905
1745119732349834240.000000 -0.679307461 0.066189796 1.254685998 -0.066649415 -0.367175609 0.030463263 0.927260458
1745119732452757248.000000 -0.679304540 0.066189341 1.254680395 -0.065302841 -0.386860728 0.029087739 0.919362962
1745119732546729984.000000 -0.679299712 0.066188283 1.254673481 -0.066052012 -0.399317533 0.033147011 0.913829327
1745119732546729984.000000 -0.679299712 0.066188283 1.254673481 -0.066052012 -0.399317533 0.033147011 0.913829327
1745119732546729984.000000 -0.679299712 0.066188283 1.254673481 -0.066052012 -0.399317533 0.033147011 0.913829327
1745119732546729984.000000 -0.679299712 0.066188283 1.254673481 -0.066052012 -0.399317533 0.033147011 0.913829327
1745119732957960960.000000 0.006978307 -0.009110788 -0.002527306 -0.001450378 0.247226268 -0.001985322 0.968954682
1745119733051592192.000000 -0.007492156 -0.008700959 0.005307128 -0.001216511 0.235337794 -0.003820888 0.971905410
1745119733154042880.000000 -0.009277628 -0.008835276 0.004314696 -0.001091428 0.224247992 -0.001126467 0.974530876
1745119733256360960.000000 -0.009972662 -0.005991606 0.008161102 -0.000329885 0.211373672 -0.005930085 0.977387309
1745119733350539264.000000 -0.009383471 -0.005915669 0.013766096 -0.000194145 0.199684873 -0.005888276 0.979842484
1745119733454187264.000000 -0.013710346 -0.005215288 0.011406359 -0.000240115 0.188403517 -0.004464384 0.982081532
1745119733546593280.000000 -0.014124330 -0.003085095 0.012347671 0.000454011 0.174976602 -0.008049103 0.984539628
1745119733649101312.000000 -0.016154015 -0.003390106 0.013507944 0.000113506 0.161495775 -0.007058263 0.986848176
1745119733752190976.000000 -0.017832171 -0.001455999 0.016446268 0.000446980 0.143617883 -0.006357112 0.989612758
1745119733855576320.000000 -0.019601822 0.000124762 0.017492436 0.001286552 0.131142735 -0.007584468 0.991333723
1745119733947620096.000000 -0.025453273 0.000369619 0.015159853 0.001314691 0.121459171 -0.007527287 0.992567003
1745119734050548992.000000 -0.025397733 0.000018106 0.017155722 0.000879553 0.108869627 -0.006459742 0.994034708
1745119734153483264.000000 -0.021431198 -0.000889640 0.020981453 0.000129159 0.094517432 -0.004754333 0.995511830
1745119734255124992.000000 -0.025165977 -0.000636688 0.022839386 -0.000076627 0.076651916 -0.003763769 0.997050822
1745119734350405120.000000 -0.030484037 0.002157466 0.020713165 0.000515650 0.065510079 -0.004610767 0.997841120
1745119734452707328.000000 -0.029092137 0.001872925 0.024136290 0.000196648 0.052121852 -0.003020169 0.998636186
1745119734554859264.000000 -0.030155167 0.002373500 0.024786472 -0.000023867 0.043164875 -0.002480437 0.999064922
1745119734657515008.000000 -0.031235324 0.002238958 0.025056163 -0.000205163 0.034545798 -0.001815377 0.999401510
1745119734759494144.000000 -0.030346023 0.001640689 0.025655450 -0.000762083 0.029601524 -0.001522993 0.999560356
1745119734852914944.000000 -0.030174892 0.001910979 0.025955362 -0.000637914 0.029508006 -0.001565614 0.999563158
1745119734956162304.000000 -0.030032819 0.001759427 0.026042435 -0.000637621 0.029451285 -0.001493054 0.999564946
1745119735049846272.000000 -0.030053601 0.001970909 0.025793549 -0.000545210 0.029453171 -0.001659530 0.999564707
1745119735153181184.000000 -0.030144639 0.002030504 0.025860371 -0.000535565 0.029500779 -0.001658039 0.999563277
1745119735257234944.000000 -0.030123286 0.001975286 0.025932766 -0.000459883 0.029465713 -0.001620433 0.999564469
1745119735348976128.000000 -0.030068027 0.002183999 0.025805105 -0.000464436 0.029452426 -0.001672293 0.999564707
1745119735451864320.000000 -0.029967133 0.001997458 0.025636826 -0.000443687 0.029391984 -0.001607219 0.999566615
1745119735553428224.000000 -0.030063458 0.002090657 0.025857620 -0.000411087 0.029427860 -0.001584231 0.999565661
1745119735656705024.000000 -0.030113094 0.002266296 0.025817430 -0.000424991 0.029461125 -0.001693947 0.999564469
1745119735752454912.000000 -0.029946228 0.002040453 0.025825756 -0.000433533 0.029340768 -0.001658949 0.999568045
1745119735856306944.000000 -0.030077672 0.001998585 0.025860148 -0.000556255 0.029452913 -0.001632624 0.999564707
1745119735959023360.000000 -0.030046051 0.002095678 0.025732627 -0.000430072 0.029425627 -0.001561866 0.999565721
1745119736052412928.000000 -0.030037524 0.001823229 0.025898548 -0.000605038 0.029409880 -0.001540310 0.999566138
1745119736155517952.000000 -0.029995589 0.002021074 0.025872240 -0.000539910 0.029398451 -0.001597489 0.999566376
1745119736258296320.000000 -0.029862180 0.001978840 0.025799684 -0.000534313 0.029346090 -0.001614110 0.999567926
1745119736360020224.000000 -0.029965034 0.002041939 0.025764314 -0.000456393 0.029398590 -0.001594564 0.999566436
1745119736453108992.000000 -0.029973095 0.002248905 0.025817772 -0.000411583 0.029380754 -0.001594908 0.999566972
1745119736556140288.000000 -0.030134004 0.002010307 0.025742803 -0.000427462 0.029461822 -0.001595997 0.999564588
1745119736668567296.000000 -0.029978128 0.002076610 0.025898363 -0.000523258 0.029369447 -0.001606859 0.999567270
1745119736759982080.000000 -0.030065883 0.002075515 0.025954019 -0.000524262 0.029426113 -0.001624465 0.999565542
1745119736863107328.000000 -0.029937699 0.002034484 0.025712073 -0.000419571 0.029366152 -0.001595749 0.999567389
1745119736955586304.000000 -0.030032177 0.002049940 0.025914975 -0.000545417 0.029409476 -0.001613435 0.999566078
1745119737060634112.000000 -0.029997138 0.001832621 0.025883958 -0.000586003 0.029404864 -0.001591831 0.999566197
1745119737163340032.000000 -0.030123008 0.001897660 0.025838235 -0.000590011 0.029447136 -0.001624413 0.999564886
1745119737255301888.000000 -0.030035291 0.002068937 0.025869159 -0.000487795 0.029412528 -0.001542685 0.999566138
1745119737366788096.000000 -0.029976595 0.002039720 0.025813004 -0.000473668 0.029392228 -0.001527623 0.999566734
1745119737458223104.000000 -0.030002967 0.001974908 0.025914811 -0.000571415 0.029399315 -0.001537984 0.999566436
1745119737562289920.000000 -0.029881170 0.002032688 0.025943670 -0.000539722 0.029331177 -0.001587862 0.999568343
1745119737664912896.000000 -0.029824065 0.002008327 0.025855949 -0.000479288 0.029289220 -0.001549759 0.999569714
1745119737756896000.000000 -0.030069616 0.002132478 0.025977988 -0.000530471 0.029421484 -0.001671090 0.999565601
1745119737859609088.000000 -0.029849861 0.002060698 0.025833108 -0.000478525 0.029338056 -0.001507662 0.999568284
1745119737961285120.000000 -0.029800018 0.002063588 0.025841946 -0.000464986 0.029320126 -0.001539573 0.999568820
1745119738062919168.000000 -0.029982490 0.002073184 0.025792209 -0.000523859 0.029409394 -0.001641506 0.999566019
1745119738164581376.000000 -0.029927788 0.001990298 0.025701350 -0.000491230 0.029350223 -0.001542419 0.999567986
1745119738255902976.000000 -0.030096455 0.002028298 0.025848154 -0.000543327 0.029446637 -0.001565894 0.999565005
1745119738358462208.000000 -0.029916944 0.001961687 0.025761435 -0.000545207 0.029363219 -0.001551954 0.999567509
1745119738460234240.000000 -0.030032143 0.002045794 0.025959825 -0.000490682 0.029415473 -0.001502626 0.999566019
1745119738561618176.000000 -0.030144582 0.002056337 0.025939997 -0.000535658 0.029449057 -0.001639470 0.999564826
1745119738665168128.000000 -0.029930158 0.002190558 0.025903834 -0.000438820 0.029364176 -0.001527054 0.999567568
1745119738757474304.000000 -0.030092100 0.002084343 0.026030606 -0.000479773 0.029429441 -0.001458395 0.999565661
1745119738858925056.000000 -0.030084886 0.002111051 0.025950767 -0.000521608 0.029449930 -0.001656293 0.999564826
1745119738960380160.000000 -0.029881781 0.001847475 0.025638919 -0.000591463 0.029326098 -0.001541534 0.999568582
1745119739061902336.000000 -0.030083118 0.002091237 0.025920197 -0.000524214 0.029431326 -0.001679822 0.999565303
1745119739164487168.000000 -0.029941829 0.002143346 0.025892952 -0.000505971 0.029371878 -0.001643903 0.999567091
1745119739266227968.000000 -0.029933259 0.002001721 0.025725191 -0.000498357 0.029355887 -0.001549064 0.999567747
1745119739357504256.000000 -0.030018831 0.002143636 0.025923571 -0.000500966 0.029402044 -0.001604548 0.999566257
1745119739459099136.000000 -0.029924339 0.002199134 0.025854392 -0.000421712 0.029343715 -0.001519513 0.999568164
1745119739554036992.000000 -0.029967364 0.002163047 0.025909849 -0.000422202 0.029369188 -0.001553259 0.999567389
1745119739656249344.000000 -0.030054010 0.002019234 0.025857639 -0.000550709 0.029416589 -0.001654855 0.999565780
1745119739759292160.000000 -0.029993456 0.002109171 0.025809783 -0.000429799 0.029381830 -0.001613950 0.999566913
1745119739861931008.000000 -0.029846920 0.002140016 0.025852915 -0.000471639 0.029318852 -0.001582659 0.999568760
1745119739964800000.000000 -0.030046964 0.002233673 0.025821777 -0.000446476 0.029412495 -0.001635936 0.999565959
1745119740058598144.000000 -0.030059358 0.002059016 0.025629032 -0.000466179 0.029424479 -0.001557510 0.999565721
