1744773878514439168.000000 0.000000000 0.000000000 0.000000000 -0.000000000 -0.000000000 -0.000000000 1.000000000
1744773882027098112.000000 -0.004260218 0.002268822 0.055018108 0.000993794 -0.002315711 -0.000288583 0.999996781
1744773882121665280.000000 -0.003580153 0.003054440 0.066242293 0.001173944 -0.003146044 -0.000299980 0.999994338
1744773882229566976.000000 -0.004171867 0.004191084 0.077351026 0.001943983 -0.003608230 -0.000363495 0.999991536
1744773882643627264.000000 -0.007666986 0.008404515 0.125976220 0.010756009 -0.004679133 -0.000475738 0.999931097
1744773882945875200.000000 -0.005580483 0.013494385 0.165943012 0.010247342 -0.008438593 -0.000988194 0.999911427
1744773883359553024.000000 -0.008667535 0.017916884 0.210222363 0.012194151 -0.008799455 0.000429911 0.999886870
1744773883554330112.000000 -0.008992546 0.017333470 0.237860575 0.012704222 -0.009395691 0.002036944 0.999873102
1744773884262027008.000000 -0.011821187 0.021551441 0.321645498 0.014831939 -0.010147783 0.003216773 0.999833345
1744773884460207104.000000 -0.012005819 0.020944409 0.343877107 0.014044425 -0.010170143 0.003057136 0.999845028
1744773884552116992.000000 -0.013584372 0.022116542 0.354654163 0.014679382 -0.009742050 0.003138828 0.999839902
1744773884863905280.000000 -0.016821790 0.023641342 0.393330157 0.016293636 -0.009561040 0.003122983 0.999816656
1744773885158604032.000000 -0.019443590 0.025366474 0.426508665 0.016776454 -0.009778628 0.003569682 0.999805093
1744773885251944960.000000 -0.020593120 0.027312873 0.437226564 0.018896967 -0.009509408 0.003689940 0.999769449
1744773885357542144.000000 -0.022015799 0.029153997 0.454110235 0.020389767 -0.009594698 0.003487920 0.999740005
1744773885564718336.000000 -0.022197317 0.031779524 0.476037949 0.022066306 -0.010355265 0.002722321 0.999699175
1744773885658683904.000000 -0.023808960 0.032397579 0.486881614 0.023211019 -0.009084390 0.002694636 0.999685705
1744773885979078144.000000 -0.025362426 0.036895964 0.519825220 0.027713247 -0.010229903 0.003001114 0.999559104
1744773886257922048.000000 -0.030583536 0.039572366 0.559443355 0.031127939 -0.007539780 0.003977878 0.999479055
1744773887740269312.000000 -0.023199013 0.035305962 0.655570447 0.027824594 0.060767855 -0.000668336 0.997763813
1744773887920104960.000000 -0.023922509 0.035369858 0.655506849 0.027597805 0.103317656 -0.002314616 0.994262815
1744773888013894912.000000 -0.022874098 0.035259053 0.655996919 0.027409960 0.114632249 -0.002579251 0.993026435
1744773888116845056.000000 -0.022565726 0.035188347 0.655815065 0.027203826 0.127142712 -0.003023652 0.991506755
1744773888312707072.000000 -0.017539280 0.036967784 0.655152619 0.028991939 0.145549461 -0.004516091 0.988915801
1744773888530935040.000000 -0.014022664 0.038057134 0.654631376 0.030441841 0.174213096 -0.006259866 0.984217405
1744773888740220160.000000 -0.013618357 0.038104165 0.654633880 0.030374479 0.199016497 -0.006807744 0.979501665
1744773889137528064.000000 -0.006580986 0.036601678 0.652133286 0.026395697 0.246475086 -0.010134708 0.968736649
1744773889652950016.000000 0.000422649 0.037504181 0.647957325 0.027373781 0.304024875 -0.012264058 0.952191770
1744773889757822976.000000 0.001415454 0.037497923 0.647450447 0.027639266 0.313657105 -0.012394584 0.949053049
1744773889955105024.000000 0.005632341 0.035575669 0.646543384 0.025855757 0.338505059 -0.016988929 0.940455854
1744773890057213184.000000 0.011032663 0.035533808 0.648576617 0.026301214 0.353476614 -0.017576525 0.934908330
1744773890454458112.000000 0.048990197 0.035453837 0.681770146 0.026595209 0.406716466 -0.018995486 0.912969708
1744773890654329344.000000 0.066683464 0.034875225 0.694491506 0.026505660 0.428684473 -0.021225806 0.902815878
1744773890757825024.000000 0.075634927 0.035024174 0.699814796 0.027177520 0.439790159 -0.021775542 0.897425175
1744773890853739008.000000 0.083908230 0.034989364 0.704096198 0.027051784 0.450294137 -0.023017228 0.892173529
1744773890946119936.000000 0.093632981 0.034658626 0.709262252 0.026549496 0.461078644 -0.022968801 0.886664569
1744773891568517120.000000 0.152531713 0.032042012 0.734437108 0.028180994 0.532377124 -0.028633961 0.845553398
1744773892364633088.000000 0.230757982 0.030452594 0.770462036 0.024498319 0.631054163 -0.028477866 0.774828672
1744773892469896192.000000 0.241644233 0.030493502 0.771180987 0.024463799 0.639633596 -0.026308369 0.767840028
1744773892776091136.000000 0.269032508 0.029503196 0.773174107 0.021108393 0.670405686 -0.029570142 0.741104841
1744773892871415040.000000 0.278673053 0.029315095 0.773810148 0.021197109 0.679497004 -0.030453002 0.732739568
1744773893163299072.000000 0.311769664 0.029494520 0.771970212 0.021768607 0.711271822 -0.031210706 0.701886415
1744773893361704192.000000 0.329978704 0.030219514 0.770886540 0.022955900 0.730534196 -0.033258136 0.681679368
1744773893571399936.000000 0.353595555 0.031305756 0.769693017 0.022097446 0.754060268 -0.036232587 0.655432701
1744773893763565056.000000 0.371676207 0.033144031 0.767341018 0.024671650 0.767346680 -0.040078152 0.639503062
1744773894071027968.000000 0.404845119 0.030719157 0.756666899 0.025334755 0.780167222 -0.038031712 0.623899758
1744773894487715328.000000 0.441074491 0.029215295 0.749123931 0.025632182 0.789102554 -0.039730426 0.612439096
1744773894672421120.000000 0.463251591 0.028242838 0.743859649 0.025518782 0.792062819 -0.041293450 0.608506560
1744773894979578880.000000 0.489860833 0.026879076 0.738953352 0.023854744 0.794790328 -0.041467555 0.604995608
1744773895271822336.000000 0.521173656 0.026026484 0.731362104 0.024464011 0.796852887 -0.041138250 0.602274537
1744773895488455168.000000 0.539016902 0.024569206 0.726567745 0.025330987 0.798640966 -0.040864751 0.599884212
1744773895571500032.000000 0.547778785 0.024316836 0.724691153 0.025714183 0.799573541 -0.042162966 0.598534226
1744773895674370048.000000 0.556415141 0.023196492 0.721754432 0.025775978 0.800268710 -0.041340139 0.597659230
1744773895788642048.000000 0.568729162 0.022789992 0.718848646 0.026226060 0.801609874 -0.042030595 0.595791280
1744773895883087104.000000 0.575164080 0.014413666 0.723163247 0.025410064 0.797109604 -0.024004217 0.602822006
1744773896085864960.000000 0.576768637 0.021117818 0.718637049 0.026769254 0.782145917 -0.037819117 0.621370196
1744773896198675200.000000 0.577123880 0.020682365 0.717800975 0.026467815 0.773601592 -0.036622100 0.632059216
1744773896975542016.000000 0.581797719 0.023858871 0.730016112 0.029072704 0.701804161 -0.036269378 0.710851848
1744773897081598976.000000 0.581191301 0.023566209 0.731841445 0.028996835 0.687985301 -0.035071332 0.724296510
1744773897176090368.000000 0.582234502 0.022420201 0.735018134 0.028101871 0.680438221 -0.033537406 0.731498063
1744773897375557888.000000 0.582896829 0.023967620 0.736698747 0.028363565 0.660560966 -0.035033051 0.749418020
1744773897479157248.000000 0.583303630 0.022721857 0.736888945 0.026495788 0.650038838 -0.034486197 0.758655608
1744773897586026240.000000 0.584931910 0.022993136 0.733839095 0.027331969 0.635061681 -0.034965962 0.771185458
1744773897679825920.000000 0.589551687 0.024459578 0.726823390 0.031437956 0.607122123 -0.038512368 0.793051839
1744773898677832960.000000 0.595781088 0.024488058 0.731432557 0.028140057 0.485071510 -0.035159402 0.873314142
1744773899183057152.000000 0.599089146 0.024973311 0.732935309 0.027792370 0.413935393 -0.032738395 0.909292758
1744773899390825984.000000 0.596608162 0.025400763 0.736462235 0.027855679 0.385781825 -0.032027278 0.921613097
1744773899701497088.000000 0.603071094 0.024658812 0.754190683 0.026410718 0.339810133 -0.028531162 0.939690173
1744773899899641344.000000 0.614019990 0.024968188 0.775650501 0.026288409 0.308483720 -0.027998839 0.950453997
1744773900120087040.000000 0.619603872 0.023699943 0.791919231 0.027566077 0.283626467 -0.026655914 0.958167851
1744773900207308032.000000 0.620257497 0.024266576 0.799685359 0.026735863 0.272733718 -0.026165217 0.961362004
1744773900302245120.000000 0.624714315 0.023925748 0.809005439 0.025376333 0.258969426 -0.024394143 0.965243936
1744773900600421120.000000 0.631474435 0.023884824 0.839349329 0.024943408 0.213515490 -0.020632116 0.976403236
1744773900702490368.000000 0.633371651 0.023862073 0.847658753 0.024681747 0.200082645 -0.019487616 0.979274213
1744773901135646208.000000 0.640764952 0.025983565 0.884436727 0.025534613 0.137997672 -0.018254781 0.989935040
1744773901248837120.000000 0.643000960 0.026507569 0.892825663 0.026455861 0.123258784 -0.018184813 0.991855145
1744773901340928000.000000 0.643932998 0.024724554 0.900444806 0.024408979 0.109230928 -0.017200446 0.993567824
1744773901423623168.000000 0.647562563 0.025466654 0.913623989 0.025106175 0.085512638 -0.016999278 0.995875657
1744773901720195328.000000 0.642321706 0.026219454 0.939173341 0.023410162 0.048911713 -0.016647087 0.998389959
1744773901823625984.000000 0.644459605 0.025621681 0.946563125 0.022223754 0.032212105 -0.015588044 0.999112368
1744773901915563008.000000 0.647369504 0.025040202 0.955513954 0.021513712 0.014940042 -0.014495620 0.999551833
1744773902029277184.000000 0.649596512 0.024564564 0.968476832 0.019941643 -0.009341612 -0.012423060 0.999680340
1744773902121202944.000000 0.644405782 0.027168475 0.974613726 0.021060079 -0.020031059 -0.013082412 0.999491930
1744773902534179328.000000 0.641651213 0.028108187 1.006289840 0.021118732 -0.080396608 -0.012497309 0.996460855
1744773903122180096.000000 0.634713292 0.022595091 1.055591464 0.013047447 -0.164852709 -0.012302115 0.986155152
1744773903892240896.000000 0.604263604 0.021100555 1.111372709 0.006174917 -0.187582910 -0.014144223 0.982127547
1744773904480239104.000000 0.579452395 0.021269444 1.159318447 0.004321947 -0.192316085 -0.015874704 0.981195152
1744773904980576000.000000 0.562765837 0.022471577 1.192152977 0.001951974 -0.189055637 -0.017930362 0.981800735
1744773905086490880.000000 0.555280328 0.022502180 1.192795992 -0.002126010 -0.192164168 -0.015784808 0.981233537
1744773905491024128.000000 0.552466154 0.022861004 1.192600965 -0.002506798 -0.245895594 -0.010468877 0.969236553
1744773906494618112.000000 0.545117557 0.023497995 1.186245322 -0.005686970 -0.384372562 -0.001744301 0.923158884
1744773906591678208.000000 0.545368791 0.023507152 1.186448574 -0.006313665 -0.398464352 -0.000609979 0.917161882
1744773906884752896.000000 0.544719696 0.023134897 1.188674927 -0.005317207 -0.454618514 -0.000958885 0.890669882
1744773907082163968.000000 0.542134106 0.023258682 1.189622641 -0.005432488 -0.478601277 -0.000511309 0.878015399
1744773907595518976.000000 0.535452604 0.023869665 1.191156745 -0.006659211 -0.540965557 0.004001503 0.841008902
1744773907681025024.000000 0.534228563 0.024018124 1.191375136 -0.007030841 -0.552168667 0.004970950 0.833687961
1744773907995965952.000000 0.530302584 0.024330229 1.192036986 -0.007870132 -0.585780978 0.007994764 0.810391784
1744773908192765952.000000 0.526995480 0.024301171 1.192192078 -0.010942041 -0.613195837 0.010943056 0.789779365
1744773908791936256.000000 0.519137263 0.024895718 1.191765189 -0.009738961 -0.673539758 0.017683517 0.738875270
1744773908885093120.000000 0.517272592 0.024967883 1.191553593 -0.013164512 -0.686617136 0.016090440 0.726721883
1744773909187261184.000000 0.513136148 0.025132237 1.190762520 -0.016113413 -0.714889824 0.017902568 0.698822141
1744773909396418048.000000 0.510189176 0.025237640 1.189740419 -0.018401589 -0.737239718 0.020109328 0.675081193
1744773909585844992.000000 0.507618427 0.025383838 1.188926101 -0.019456862 -0.754778743 0.021493448 0.655338466
1744773909690364160.000000 0.506330252 0.025391433 1.188420534 -0.020319298 -0.763103724 0.022041742 0.645580351
1744773909993381376.000000 0.502271056 0.025599796 1.186565638 -0.020042405 -0.790984929 0.025905102 0.610958338
1744773910192746240.000000 0.499965906 0.025659218 1.185596824 -0.020072553 -0.801955700 0.027227279 0.596425056
1744773910799262976.000000 0.492734909 0.025829326 1.182431698 -0.020208605 -0.817636073 0.029633261 0.574617088
1744773911098777344.000000 0.488758922 0.026016165 1.180653572 -0.024499180 -0.821427524 0.029248819 0.569035232
1744773911694280192.000000 0.481707215 0.026072603 1.177427769 -0.025664749 -0.823852956 0.031384263 0.565351844
1744773911810284032.000000 0.480580211 0.026095048 1.176856756 -0.025130354 -0.823340237 0.031876124 0.566094697
1744773912208327168.000000 0.475567818 0.026159700 1.174560547 -0.023172759 -0.821629107 0.030957332 0.568709314
1744773912810951936.000000 0.469067216 0.026343316 1.171889305 -0.021212541 -0.819252968 0.036099393 0.571901679
1744773913424442880.000000 0.461281180 0.026947979 1.169673920 -0.016518908 -0.792689145 0.036951300 0.608280897
1744773913516803328.000000 0.459513068 0.026912957 1.169159889 -0.016421199 -0.790416121 0.036523174 0.611259937
1744773914620756224.000000 0.445685387 0.027144864 1.164702535 -0.015194764 -0.782100856 0.033696007 0.622054696
1744773914819878144.000000 0.443361044 0.027074806 1.163934588 -0.015288833 -0.780515015 0.034215491 0.624012709
1744773915218403072.000000 0.438086033 0.027435578 1.162371874 -0.015402197 -0.779989064 0.035135195 0.624616206
1744773915425810176.000000 0.435728788 0.027476579 1.161600232 -0.015224170 -0.778795242 0.035200089 0.626104832
1744773916238430976.000000 0.425898910 0.027774911 1.159126759 -0.012977970 -0.780109763 0.036668595 0.624432385
1744773917031024896.000000 0.415237427 0.028235491 1.156168342 -0.012163393 -0.779639423 0.036383394 0.625052631
1744773917555261184.000000 0.409250498 0.028337138 1.155159235 -0.011947239 -0.778069198 0.036480967 0.627004683
1744773917636544256.000000 0.407572627 0.028575597 1.154450655 -0.009359083 -0.775832117 0.037388619 0.629761100
1744773917842774272.000000 0.405236959 0.028753746 1.154046416 -0.008984168 -0.776021421 0.038415335 0.629471540
1744773918350936064.000000 0.398533225 0.029488591 1.152921081 -0.005372249 -0.779792130 0.041583236 0.624632895
1744773918746156288.000000 0.393194199 0.029994763 1.151640058 -0.000144909 -0.780136168 0.047108386 0.623833597
1744773919047784960.000000 0.389639378 0.030083075 1.151145697 -0.002589654 -0.783891201 0.046482757 0.619150400
1744773919257730304.000000 0.389235258 0.031255271 1.149101973 0.011244610 -0.756154358 0.052652441 0.652174830
1744773919449006080.000000 0.389065504 0.030098369 1.150314093 0.001792045 -0.744155467 0.043340869 0.666596591
1744773920048748288.000000 0.389229655 0.030135632 1.151075125 0.003642879 -0.695585251 0.041074708 0.717259169
1744773920144689920.000000 0.389349818 0.030107927 1.150860310 0.003540267 -0.684721887 0.040634327 0.727662206
1744773920248206080.000000 0.389314413 0.030138738 1.150701404 0.003813863 -0.674470901 0.040101372 0.737201691
1744773920354093056.000000 0.389417171 0.030112613 1.150750399 0.003298003 -0.666809440 0.039211191 0.744188666
1744773920447560960.000000 0.389283657 0.030144889 1.150736570 0.003743078 -0.657366991 0.038746625 0.752564549
1744773920539646976.000000 0.389397264 0.030133748 1.151201367 0.003606968 -0.648251534 0.037706990 0.760483563
1744773920644184064.000000 0.389511645 0.029931720 1.151576638 0.002667899 -0.642554462 0.034825735 0.765443623
1744773920737308928.000000 0.389669776 0.029507227 1.151836634 -0.000501525 -0.635691702 0.030698141 0.771332264
1744773920865468928.000000 0.390458524 0.029545730 1.153736234 -0.000549131 -0.643162310 0.031348079 0.765087724
1744773920959087104.000000 0.389748812 0.029267484 1.152044177 -0.001605472 -0.620701075 0.027869252 0.783550203
1744773921144709120.000000 0.389987707 0.029668871 1.152380109 0.001855460 -0.601689100 0.029955614 0.798166335
1744773921241831936.000000 0.390064716 0.029533010 1.152625322 0.000937006 -0.595074773 0.027821543 0.803188086
1744773921449796096.000000 0.389993608 0.029285379 1.152232409 -0.001298105 -0.573508561 0.025854230 0.818790436
1744773921757991936.000000 0.390078187 0.029273026 1.152174711 -0.000445377 -0.538895011 0.022451950 0.842073560
1744773921951791360.000000 0.390141487 0.029239494 1.152165651 -0.001112574 -0.519597292 0.022124456 0.854124069
1744773922150077184.000000 0.390345991 0.029082689 1.152473927 -0.000454498 -0.502100587 0.019617058 0.864586651
1744773922359143936.000000 0.388434291 0.029271908 1.153832078 -0.000025500 -0.474433661 0.018896384 0.880088449
1744773922756707072.000000 0.384306788 0.029491827 1.157390118 0.002985956 -0.422373623 0.015470047 0.906284928
1744773922860622080.000000 0.383482903 0.029486414 1.158305168 0.002676418 -0.410770744 0.012827587 0.911644518
1744773922952874240.000000 0.382206231 0.029546712 1.159620643 0.002733265 -0.394127607 0.013921820 0.918946207
1744773923056862208.000000 0.381615728 0.029601239 1.160425067 0.003114560 -0.382598251 0.014177307 0.923800826
1744773923748023040.000000 0.376799434 0.030179130 1.167312384 0.005765761 -0.293284595 0.010676979 0.955948234
1744773923959304192.000000 0.375575602 0.030346232 1.169534564 0.006353966 -0.269612402 0.009298068 0.962903082
1744773924055230976.000000 0.375018120 0.030402852 1.170593500 0.006132733 -0.257602096 0.008647620 0.966192901
1744773924256894208.000000 0.373934090 0.030518387 1.173323274 0.005988938 -0.228771418 0.006739213 0.973438442
1744773924565673984.000000 0.372857243 0.030656315 1.176666260 0.007580170 -0.192326516 0.004844153 0.981289744
1744773924657997056.000000 0.372473329 0.030759491 1.178311944 0.008823290 -0.173717916 0.004212589 0.984746933
1744773924761449984.000000 0.372156203 0.030838242 1.179408789 0.009384312 -0.161087602 0.003260846 0.986890137
1744773925061856000.000000 0.371680081 0.030841496 1.182826161 0.009308523 -0.123875394 0.000593182 0.992253959
1744773925178670080.000000 0.371604353 0.030995307 1.183864117 0.010063503 -0.111410633 0.000042151 0.993723512
1744773925263984128.000000 0.371406615 0.030989224 1.185611010 0.009600131 -0.092735343 -0.001711595 0.995643079
1744773925467236352.000000 0.371127278 0.031151487 1.187942505 0.010805521 -0.067176364 -0.002798491 0.997678697
1744773925563942912.000000 0.371061981 0.031166770 1.189158082 0.010875798 -0.054763045 -0.003385418 0.998434424
1744773925666247168.000000 0.371255279 0.031270884 1.190203667 0.010307542 -0.047227453 -0.003988826 0.998823047
1744773925863008000.000000 0.371047169 0.031405225 1.192977548 0.010295338 -0.027192995 -0.005174823 0.999563813
1744773926080728064.000000 0.370944440 0.031554416 1.195107460 0.010916443 -0.016531352 -0.005332164 0.999789536
1744773926267795200.000000 0.371112734 0.031540558 1.197286963 0.010481921 -0.010247763 -0.005930693 0.999875009
1744773926579360000.000000 0.370956391 0.031682789 1.201005816 0.012125467 -0.002334795 -0.006786569 0.999900758
1744773926889430016.000000 0.370810568 0.031759288 1.204265356 0.011805446 0.004632741 -0.007127652 0.999894202
1744773927676352000.000000 0.370631397 0.032108229 1.214049339 0.011158723 0.021972686 -0.007913358 0.999664962
1744773927969201152.000000 0.370674968 0.032216497 1.217367291 0.011421389 0.026477458 -0.008458956 0.999548376
1744773928176504064.000000 0.370674968 0.032302529 1.219529510 0.011869526 0.029662279 -0.009384126 0.999445498
1744773928269387008.000000 0.370708257 0.032308590 1.221041441 0.011090135 0.032888643 -0.010179195 0.999345660
1744773928372980224.000000 0.372329026 0.031662963 1.221654534 0.001303116 0.026225366 -0.013083613 0.999569595
1744773928584219904.000000 0.370894849 0.032298692 1.222097278 0.010068661 0.066360287 -0.013257816 0.997656822
1744773928775088384.000000 0.370954543 0.032268658 1.222154021 0.009697888 0.089525968 -0.015434719 0.995817661
1744773929071290880.000000 0.371566832 0.032278895 1.222113490 0.009720284 0.126367390 -0.018290956 0.991767228
1744773929592914176.000000 0.372513533 0.032104570 1.221812606 0.009872081 0.178566441 -0.020283071 0.983669281
1744773929678145280.000000 0.382166356 0.010062955 1.221008420 -0.233740285 0.078573525 0.045516644 0.968049526
1744773929793370368.000000 0.381829590 0.010071274 1.221068859 -0.234273031 0.093140632 0.040881123 0.966834903
1744773930794627072.000000 0.380450249 0.011508703 1.224085093 -0.236387193 0.256644696 -0.009251522 0.937106729
1744773930889742080.000000 0.379972517 0.011751354 1.224840403 -0.237181664 0.280256122 -0.016748074 0.930011213
1744773930992623360.000000 0.379602164 0.012020998 1.225657701 -0.238866270 0.304460198 -0.023833210 0.921780288
1744773931101602048.000000 0.379200995 0.012157932 1.226551056 -0.242302477 0.329572827 -0.030241193 0.912006974
1744773931295361024.000000 0.379373610 0.013021253 1.227487087 -0.237149402 0.369600534 -0.045013826 0.897289991
1744773931501646336.000000 0.379241973 0.014107764 1.228316545 -0.228694633 0.407114774 -0.062107176 0.882099271
1744773931693780224.000000 0.378859878 0.015530527 1.229990959 -0.216463208 0.464364052 -0.084401600 0.854626298
1744773931993926912.000000 0.379016101 0.017400399 1.231520891 -0.195412248 0.523525774 -0.113173887 0.821539104
1744773932088346880.000000 0.379182696 0.017979391 1.231880546 -0.188490897 0.540618598 -0.122485317 0.810678780
1744773932191353088.000000 0.379400939 0.018449612 1.232157826 -0.182651863 0.555556953 -0.129988164 0.800685883
1744773932298006016.000000 0.379683614 0.018915065 1.232100368 -0.175374717 0.565523326 -0.137086615 0.794124901
1744773932391974912.000000 0.380086988 0.019470230 1.232305408 -0.167188987 0.584568441 -0.146278113 0.780339837
1744773932510080000.000000 0.380398870 0.019874372 1.232370377 -0.160017073 0.596408725 -0.153527379 0.771440566
1744773932592485120.000000 0.380669057 0.020200439 1.232504249 -0.154339179 0.608424842 -0.159832001 0.761874259
1744773933499597056.000000 0.382182479 0.020633049 1.230932236 -0.120297693 0.680191875 -0.197979003 0.695465147
1744773935616691200.000000 0.385933816 0.018134221 1.228360057 -0.133517072 0.713810623 -0.195998639 0.658962905
1744773936309696256.000000 0.387458682 0.018424377 1.229073405 -0.127250135 0.739702463 -0.200743154 0.629563212
1744773939217975040.000000 0.393684983 0.018121600 1.228877544 -0.150214404 0.642892540 -0.167936578 0.732067049
1744773940418332928.000000 0.396149695 0.018254161 1.229133368 -0.148366511 0.634519577 -0.170030326 0.739230692
1744773941818594304.000000 0.398820698 0.018489368 1.229763150 -0.146498471 0.639508724 -0.171314806 0.734995246
1744773942742292224.000000 0.400377989 0.018687673 1.230186939 -0.147100747 0.634430170 -0.169864327 0.739598453
1744773943754288896.000000 0.400328875 0.018759530 1.230379581 -0.160762623 0.527809143 -0.139842659 0.822202563
1744773943963478016.000000 0.400320709 0.018791333 1.230399728 -0.162504971 0.507643223 -0.135001883 0.835263491
1744773944036707072.000000 0.400349617 0.018772736 1.230364799 -0.164130107 0.494138181 -0.131498307 0.843562067
1744773944246080256.000000 0.400287896 0.018790532 1.230460167 -0.167998120 0.473568380 -0.124978743 0.855505705
1744773944547674112.000000 0.400238603 0.018827552 1.230515242 -0.170662254 0.446173906 -0.117594078 0.870617509
1744773944768315136.000000 0.400201529 0.018868409 1.230538011 -0.171239555 0.426488221 -0.113067783 0.880908906
1744773945558617088.000000 0.400192440 0.018865043 1.230603218 -0.183930159 0.326716244 -0.084874123 0.923159003
1744773945683199232.000000 0.400214493 0.018889010 1.230675220 -0.184592530 0.308130920 -0.079014622 0.929912686
1744773945755426048.000000 0.400265694 0.018974731 1.230815649 -0.186760992 0.294673622 -0.075499229 0.934124053
1744773945871536128.000000 0.400346339 0.019046523 1.230951309 -0.187433481 0.281000733 -0.071966648 0.938471198
1744773946059478016.000000 0.400517344 0.019240161 1.231304049 -0.188303843 0.249367997 -0.064281851 0.947747409
1744773946258978048.000000 0.400569916 0.019382371 1.231560946 -0.187581480 0.225545481 -0.060986225 0.954056144
1744773946490428928.000000 0.400654435 0.019522697 1.231855273 -0.187603965 0.201317817 -0.055018816 0.959817052
1744773946583381248.000000 0.400674134 0.019589134 1.231990814 -0.188005090 0.188992605 -0.052233852 0.962396741
1744773946863470080.000000 0.400687963 0.019835524 1.232454419 -0.190900803 0.146662101 -0.042050891 0.969679773
1744773946956733952.000000 0.400771648 0.019920342 1.232645988 -0.194932535 0.132950738 -0.036824096 0.971066177
1744773947458209024.000000 0.400740862 0.020331249 1.233467937 -0.196154892 0.064540237 -0.019036977 0.978261411
1744773947656437248.000000 0.400731295 0.020473003 1.233770728 -0.196396798 0.037993308 -0.011741428 0.979717791
1744773947872518912.000000 0.400663227 0.020639433 1.234132886 -0.197383434 0.006630451 -0.002314496 0.980301201
1744773948068069120.000000 0.400577992 0.020782299 1.234401345 -0.196817651 -0.017727513 0.004642166 0.980268836
1744773948181430016.000000 0.400550663 0.020854365 1.234523892 -0.196398556 -0.030343438 0.007897357 0.980022728
1744773948372529152.000000 0.400425464 0.021002954 1.234867692 -0.195662796 -0.061009578 0.015773470 0.978644550
1744773948665544960.000000 0.400257528 0.021228977 1.235265493 -0.194877878 -0.099145859 0.025523797 0.975469768
1744773948975045888.000000 0.400094450 0.021435510 1.235662460 -0.193239331 -0.135180444 0.034566015 0.971179724
1744773949162401280.000000 0.399916321 0.021598838 1.235974669 -0.193634182 -0.153154716 0.041081354 0.968174458
1744773949267112960.000000 0.399834245 0.021669701 1.236102581 -0.193684861 -0.157458514 0.041910395 0.967438161
1744773949759143168.000000 0.399510205 0.022005402 1.236796260 -0.192934752 -0.175938293 0.046006911 0.964212239
1744773950167108352.000000 0.399270147 0.022265069 1.237285018 -0.192104027 -0.183424845 0.047200814 0.962924421
1744773950469430272.000000 0.399048984 0.022489734 1.237710953 -0.191103220 -0.188887805 0.048946597 0.961979806
1744773951170273024.000000 0.398588806 0.022966765 1.238657951 -0.191605926 -0.195196226 0.049455516 0.960593462
1744773951274002176.000000 0.398503691 0.023024119 1.238769054 -0.191776112 -0.193581209 0.050167207 0.960849345
1744773951366578944.000000 0.398449302 0.023112170 1.238948107 -0.190941200 -0.196182132 0.050727300 0.960458636
1744773953291290368.000000 0.397992492 0.023040220 1.238770962 -0.183508962 -0.413199335 0.114300735 0.884605110
1744773953589872128.000000 0.397948086 0.023048893 1.238795280 -0.180352971 -0.455720037 0.129279330 0.862020254
1744773953683498240.000000 0.397742927 0.023091570 1.238913774 -0.184054732 -0.477064192 0.134628862 0.848768950
1744773953791411200.000000 0.397701681 0.023076907 1.239051938 -0.186246261 -0.496297956 0.136502370 0.836879790
