1745010366483295232.000000 0.000000000 0.000000000 0.000000000 -0.000000000 -0.000000000 -0.000000000 1.000000000
1745010382703689216.000000 0.000535974 -0.002118998 0.071596205 -0.000376005 0.003165519 -0.000185496 0.999994934
1745010382804954880.000000 0.000384246 -0.002536383 0.085483275 -0.000627854 0.003303077 -0.000426249 0.999994278
1745010383100270336.000000 0.000434481 -0.003218968 0.116885714 -0.003002397 0.002526809 0.000646722 0.999992132
1745010383295890176.000000 0.000346666 -0.003755369 0.134904891 -0.004054309 0.001061809 0.001159960 0.999990582
1745010383501071872.000000 0.000297938 -0.004769847 0.158422649 -0.003604473 0.000093180 0.000531596 0.999993384
1745010383798554112.000000 0.000000002 -0.005874481 0.190527245 -0.003189326 0.000703638 0.000283129 0.999994636
1745010384104694016.000000 -0.000190408 -0.007590386 0.223051623 -0.003427643 0.001103165 0.000120846 0.999993563
1745010384206206208.000000 -0.000351013 -0.007484532 0.231976330 -0.003058752 0.001267830 0.000279681 0.999994516
1745010384500807936.000000 -0.000180650 -0.008680982 0.263056785 -0.003083277 0.000975173 0.000643546 0.999994576
1745010384805635328.000000 -0.000401586 -0.009555235 0.295008481 -0.003703620 0.000172156 -0.000233050 0.999993145
1745010385104030976.000000 -0.000488052 -0.011247934 0.326233715 -0.004462482 -0.000118125 0.000349027 0.999989986
1745010385699648256.000000 -0.000523830 -0.013426219 0.385682732 -0.005650721 -0.002820952 0.000935704 0.999979615
1745010385903377920.000000 -0.001039343 -0.014837241 0.408784837 -0.006403651 -0.002772913 0.001513453 0.999974549
1745010386106416896.000000 -0.000901756 -0.015424954 0.427280396 -0.006499664 -0.003551957 0.002053137 0.999970496
1745010386207518208.000000 -0.000780639 -0.015945163 0.441225797 -0.006108421 -0.004552693 0.001947554 0.999969065
1745010386298633984.000000 -0.000556531 -0.015665548 0.450149924 -0.005121007 -0.005703918 0.002411353 0.999967694
1745010386603058176.000000 -0.000835340 -0.017841361 0.481983155 -0.006711234 -0.006812121 0.001921862 0.999952435
1745010386806783232.000000 0.000062904 -0.020451494 0.504477084 -0.009822503 -0.008884265 0.002080388 0.999910176
1745010387100434176.000000 0.001513784 -0.020998728 0.531364739 -0.009939436 -0.014199282 0.002510726 0.999846637
1745010387201936128.000000 0.000899516 -0.021039583 0.544142902 -0.009385376 -0.015111253 0.002213300 0.999839365
1745010387812939264.000000 -0.000919136 -0.020069508 0.559942842 -0.007066198 -0.060173035 0.000996860 0.998162448
1745010388302817024.000000 -0.002996263 -0.018704735 0.559209347 -0.004841634 -0.108610265 -0.000684373 0.994072437
1745010389708250880.000000 -0.005867748 -0.015146647 0.554895639 0.002649110 -0.232489809 -0.011478297 0.972527504
1745010390206268928.000000 -0.007587560 -0.014482727 0.558518171 0.004447323 -0.284909993 -0.011911413 0.958469987
1745010390502321920.000000 -0.012774594 -0.013349336 0.561820745 0.005687463 -0.311789542 -0.013169884 0.950042903
1745010390604332288.000000 -0.022405867 -0.012849057 0.572395027 0.008219359 -0.328870982 -0.015149778 0.944217563
1745010390705632256.000000 -0.029182993 -0.012086704 0.579271734 0.009508389 -0.337084204 -0.016879413 0.941275179
1745010390808892928.000000 -0.036006749 -0.011775178 0.585733831 0.010524443 -0.345335364 -0.018385246 0.938240230
1745010390910403328.000000 -0.046682347 -0.011090845 0.595958233 0.013248582 -0.358774155 -0.021242758 0.933088601
1745010391012921088.000000 -0.053767394 -0.010580501 0.602285862 0.014524214 -0.367417157 -0.023358317 0.929649472
1745010391114201344.000000 -0.060496148 -0.010110845 0.608032405 0.016290825 -0.376113653 -0.025682388 0.926074266
1745010391410995968.000000 -0.087519862 -0.012211319 0.627592385 0.014877689 -0.405911833 -0.026820773 0.913397491
1745010391512436992.000000 -0.095253699 -0.012473257 0.632481039 0.015116077 -0.414333791 -0.027820161 0.909574151
1745010391614150144.000000 -0.107688278 -0.012846041 0.640729547 0.014999923 -0.426827073 -0.028630262 0.903755486
1745010391909596928.000000 -0.134559900 -0.010917040 0.668028772 0.015653079 -0.459547669 -0.029573983 0.887522638
1745010392113093120.000000 -0.154620215 -0.010471746 0.674204350 0.016734283 -0.473359883 -0.029846990 0.880204260
1745010392305971200.000000 -0.177493796 -0.008551188 0.681907177 0.018240988 -0.490003794 -0.029241681 0.871038735
1745010392511090944.000000 -0.197274610 -0.008161782 0.692538679 0.018727252 -0.502165496 -0.026877869 0.864150882
1745010392805955072.000000 -0.232624054 -0.007319095 0.703754723 0.019614566 -0.531612694 -0.028254334 0.846288919
1745010392919833088.000000 -0.247955114 -0.005531345 0.707634866 0.021432852 -0.543030262 -0.028761521 0.838946760
1745010393115047936.000000 -0.270544350 -0.004776617 0.714333534 0.023244774 -0.558625042 -0.030198678 0.828544319
1745010393319033088.000000 -0.300738811 -0.002178785 0.723891139 0.026060926 -0.578504920 -0.030712435 0.814683735
1745010393420856320.000000 -0.313965708 -0.001220187 0.724841774 0.026458081 -0.585034430 -0.030816786 0.809990823
1745010393808358912.000000 -0.372750759 0.006539166 0.730749726 0.033699494 -0.616118133 -0.033174898 0.786232889
1745010394011269376.000000 -0.404636264 0.007839875 0.736885607 0.034226265 -0.633256376 -0.035053261 0.772390008
1745010394214058240.000000 -0.428041548 0.012817668 0.738726437 0.038249779 -0.640510142 -0.034245774 0.766231656
1745010394715074048.000000 -0.497744828 0.019932354 0.741567791 0.045259133 -0.649318457 -0.034974769 0.758362651
1745010395009229056.000000 -0.539726019 0.021447223 0.748118758 0.049333535 -0.653436124 -0.034657244 0.754576981
1745010395111216896.000000 -0.551347911 0.021496737 0.748926222 0.049811568 -0.654088080 -0.034307294 0.753996491
1745010395314539264.000000 -0.581707776 0.020740710 0.753350496 0.050675482 -0.658037424 -0.033794630 0.750517666
1745010395609466368.000000 -0.616975248 0.018428698 0.757343590 0.050049871 -0.659801245 -0.034342270 0.748984575
1745010395813725952.000000 -0.646218479 0.015794124 0.761193454 0.049140863 -0.660686374 -0.035064261 0.748230755
1745010395915746304.000000 -0.657781720 0.016262701 0.762877524 0.050359644 -0.661700904 -0.034572098 0.747275531
1745010396313999872.000000 -0.699188352 0.013290083 0.768357635 0.050829209 -0.653620243 -0.033855855 0.754354537
1745010396508928000.000000 -0.699863672 0.011702623 0.766998887 0.050364088 -0.637539685 -0.033435073 0.768042147
1745010398116327168.000000 -0.692896426 0.012756978 0.753701091 0.046902202 -0.481403947 -0.013133300 0.875144541
1745010399113469184.000000 -0.692844212 0.012442920 0.753964424 0.040915933 -0.384556711 0.004426133 0.922183514
1745010399316477952.000000 -0.693395674 0.012506701 0.754161000 0.040302593 -0.366630554 0.007094605 0.929466188
1745010399520327936.000000 -0.694065094 0.012481682 0.754733384 0.039475597 -0.344601065 0.010346325 0.937861800
1745010399915983872.000000 -0.694561124 0.012489058 0.755165339 0.039389081 -0.302695960 0.014333584 0.952165008
1745010400120200192.000000 -0.698858380 0.010955033 0.766740680 0.038855758 -0.271502793 0.017682569 0.961490393
1745010400314467072.000000 -0.706752658 0.009131687 0.783835292 0.037718676 -0.250723094 0.018799970 0.967141032
1745010400417091072.000000 -0.711082041 0.007631582 0.795799613 0.037412483 -0.235183030 0.020099523 0.971022844
1745010400619881984.000000 -0.717285633 0.005850435 0.813812613 0.036476921 -0.214823082 0.021554096 0.975733519
1745010400822927872.000000 -0.722179472 0.005385022 0.834048152 0.037582148 -0.191188410 0.026557915 0.980473995
1745010400924147200.000000 -0.724232256 0.004888585 0.843254864 0.037744798 -0.180979446 0.027923331 0.982365608
1745010401015013120.000000 -0.726589382 0.004168036 0.852694452 0.038653668 -0.170557961 0.030168884 0.984126925
1745010401116251904.000000 -0.729166389 0.002920464 0.867163301 0.038554084 -0.155897811 0.032142617 0.986496985
1745010401218814976.000000 -0.730130076 0.002770314 0.876362145 0.038646549 -0.146006390 0.034095619 0.987940371
1745010401424099328.000000 -0.733178496 0.001293791 0.901746154 0.038397323 -0.120645203 0.037905097 0.991228342
1745010401618195968.000000 -0.735521913 -0.000656649 0.924577594 0.037971526 -0.100901313 0.040502716 0.993346155
1745010401719697920.000000 -0.736406565 -0.001763678 0.935956419 0.037795052 -0.091656879 0.040669780 0.994241714
1745010401821647872.000000 -0.736898482 -0.002705891 0.952574253 0.038202927 -0.076685935 0.042266499 0.995426238
1745010401923008256.000000 -0.736899614 -0.003495892 0.964163601 0.038107395 -0.066725157 0.042794965 0.996124625
1745010402024477952.000000 -0.738114536 -0.005589364 0.977879465 0.037657604 -0.056394920 0.042582374 0.996788979
1745010402319981056.000000 -0.736042857 -0.008165691 1.024685383 0.037369624 -0.021194903 0.046222016 0.998006940
1745010402523144960.000000 -0.736459315 -0.008404244 1.062350750 0.038530972 0.005184514 0.049902853 0.997997105
1745010402624398336.000000 -0.737013578 -0.008969653 1.077177763 0.038698208 0.016488254 0.051338311 0.997795045
1745010402715510016.000000 -0.733039379 -0.007975079 1.090913296 0.039280102 0.025632061 0.052057978 0.997542024
1745010403122511104.000000 -0.714522362 -0.004950027 1.161760688 0.042236757 0.073618881 0.056939863 0.994763374
1745010403325468160.000000 -0.706424177 -0.002114859 1.193281174 0.044614680 0.087740511 0.058666222 0.993413031
1745010403417392128.000000 -0.705494940 -0.003930210 1.211470127 0.044744324 0.095124200 0.059613220 0.992670953
1745010403623461120.000000 -0.691462755 -0.006835383 1.251413584 0.045078706 0.102877833 0.060046762 0.991856039
1745010403826400000.000000 -0.669252992 -0.008594579 1.291828990 0.046443708 0.102509238 0.059958018 0.991836667
1745010403931164928.000000 -0.664069831 -0.006847596 1.309218287 0.048619803 0.103739075 0.060029548 0.991600096
1745010404327038976.000000 -0.647850752 -0.014741655 1.394748688 0.050863430 0.111206688 0.059122439 0.990732312
1745010404519504896.000000 -0.628189623 -0.019002659 1.436192513 0.051174022 0.106118664 0.058759667 0.991295815
1745010404621889024.000000 -0.620875061 -0.019637393 1.453315258 0.051738400 0.103571922 0.057741538 0.991595626
1745010404723898880.000000 -0.612652898 -0.022464111 1.469660640 0.051454138 0.100918971 0.057632472 0.991890311
1745010405023683072.000000 -0.589763999 -0.025714170 1.532019973 0.054168329 0.092270926 0.056035221 0.992679179
1745010405226806272.000000 -0.594240665 -0.039866168 1.582208872 0.049262017 0.100432888 0.056151908 0.992135823
1745010405422526976.000000 -0.566792011 -0.031807251 1.613342762 0.059193570 0.081559852 0.054473191 0.993416727
1745010405819215360.000000 -0.578945279 -0.051948801 1.628159046 0.041795108 0.142954275 0.059587836 0.987049401
1745010406123194112.000000 -0.579456210 -0.051728003 1.627255917 0.040539261 0.174441427 0.063277394 0.981795669
1745010406327104000.000000 -0.580413640 -0.051630020 1.625585198 0.039748598 0.201179117 0.066742100 0.976469457
1745010406727041280.000000 -0.580907464 -0.051730417 1.624663591 0.037715219 0.244680226 0.073036328 0.966113329
1745010407125719040.000000 -0.581426978 -0.051788099 1.624033689 0.034725554 0.287212104 0.077527441 0.954092681
1745010407523880960.000000 -0.581879795 -0.051980570 1.624036431 0.030363301 0.337888002 0.083382748 0.936993659
1745010407727699968.000000 -0.573946238 -0.051255427 1.634178996 0.029593509 0.367611259 0.085240193 0.925591886
1745010407828837120.000000 -0.568386912 -0.051299311 1.640075684 0.029200241 0.379009157 0.085759543 0.920947731
1745010407930069248.000000 -0.560380161 -0.050759815 1.646143317 0.030358205 0.393018097 0.088303216 0.914777398
1745010408122694912.000000 -0.549016476 -0.050498758 1.654586554 0.030488228 0.411322087 0.091261603 0.906397223
1745010408225764352.000000 -0.539861977 -0.050538231 1.660805345 0.029752566 0.425449163 0.092443123 0.899756670
1745010408328662272.000000 -0.533541858 -0.050162092 1.664952040 0.029925976 0.434445381 0.094283603 0.895249844
1745010408430863104.000000 -0.527319193 -0.049755797 1.668736815 0.030150743 0.443802536 0.096007921 0.890456498
1745010408532606976.000000 -0.520501673 -0.049488503 1.672919750 0.030011458 0.452867836 0.098135538 0.885652006
1745010408838454016.000000 -0.496327281 -0.048328996 1.685791254 0.029686330 0.483389795 0.102886103 0.868831098
1745010408930143232.000000 -0.485407293 -0.047867239 1.691055894 0.028860478 0.496358246 0.104189530 0.861359477
1745010409031411200.000000 -0.477720380 -0.047545858 1.694504976 0.028277870 0.505005002 0.104797728 0.856263816
1745010409132689920.000000 -0.470557213 -0.046988927 1.697342515 0.026577920 0.513947129 0.106694631 0.850745678
1745010409346651136.000000 -0.452373505 -0.045977555 1.703519940 0.025826901 0.534413159 0.105460353 0.838220477
1745010409632459264.000000 -0.422997117 -0.043883506 1.711877942 0.022596609 0.562633097 0.106146313 0.819552541
1745010409826877184.000000 -0.405194640 -0.042361960 1.716110706 0.021731369 0.579149961 0.106752262 0.807909071
1745010409928122880.000000 -0.390870452 -0.041128650 1.719263673 0.020304009 0.590874135 0.107237689 0.799346983
1745010410130604032.000000 -0.371656060 -0.038968697 1.721848607 0.018130954 0.606382787 0.107573450 0.787654221
1745010410231684096.000000 -0.356460690 -0.037508868 1.724096656 0.017376242 0.618783116 0.107780397 0.777938902
1745010410423987200.000000 -0.335432649 -0.035252802 1.724799395 0.015633330 0.633429587 0.108232468 0.766034067
1745010410931670272.000000 -0.257791996 -0.027047001 1.732659817 0.011640014 0.655788004 0.108603783 0.747001886
1745010411226345984.000000 -0.210884571 -0.022451412 1.736649156 0.011377918 0.660165608 0.109830812 0.742959678
1745010411429618176.000000 -0.171572924 -0.018280929 1.740969777 0.010227205 0.661227643 0.110036507 0.742000937
1745010411533192192.000000 -0.155218363 -0.016398512 1.742460728 0.010261679 0.661610723 0.110196196 0.741635203
1745010411827249152.000000 -0.097815752 -0.011713201 1.748960018 0.012068381 0.663221836 0.110861078 0.740068197
1745010412132564992.000000 -0.041403532 -0.006616433 1.755969882 0.013411636 0.662689090 0.112602249 0.740259409
1745010412334738944.000000 -0.000879526 -0.002980386 1.761102796 0.013705363 0.661863208 0.112482913 0.741010666
1745010412937413120.000000 0.111417055 0.007833438 1.775493026 0.012830164 0.658100605 0.111089431 0.744579136
1745010413335421184.000000 0.181014895 0.014998777 1.786028147 0.011299005 0.653355300 0.113262296 0.748445630
1745010413936510208.000000 0.293669462 0.023384608 1.810669899 0.012822357 0.635732293 0.114085034 0.763324738
1745010414139707136.000000 0.324698448 0.025852758 1.817271590 0.013019747 0.633189023 0.113848776 0.765467584
1745010415138565376.000000 0.506339788 0.040453196 1.854770899 0.013005194 0.630444586 0.113335721 0.767805636
1745010415342159360.000000 0.545576036 0.043668982 1.861856937 0.012919468 0.630508721 0.112105928 0.767934978
1745010415636528896.000000 0.599404812 0.049102921 1.875997066 0.013036650 0.630891919 0.112201810 0.767604172
1745010416135258112.000000 0.686487138 0.055916511 1.891442895 0.013576522 0.628619492 0.111563481 0.769549787
1745010416338889216.000000 0.723235071 0.059676826 1.899490833 0.013299184 0.629175007 0.110877715 0.769199610
1745010416744130048.000000 0.794631362 0.065654397 1.913685322 0.013379104 0.625736415 0.111645319 0.771887481
1745010416939006976.000000 0.825219154 0.068013348 1.921437263 0.013847245 0.624720514 0.111610770 0.772706687
1745010417344683264.000000 0.903717399 0.073954433 1.939660788 0.014214221 0.621415377 0.111006469 0.775447249
1745010417537640960.000000 0.934109688 0.075953498 1.946657062 0.014638968 0.622249484 0.109447539 0.774991930
1745010417944542208.000000 1.004539251 0.080025002 1.962387085 0.014314713 0.621161282 0.110850334 0.775671303
1745010418147487232.000000 1.043302774 0.082907565 1.971871376 0.013937422 0.620325148 0.111189239 0.776298523
1745010418339920896.000000 1.080087900 0.086881407 1.980383515 0.012934496 0.618706763 0.108056828 0.778047860
1745010418742019072.000000 1.148326159 0.090706095 1.997790456 0.012629959 0.617207825 0.107180379 0.779363453
1745010418945584896.000000 1.179620385 0.091807276 2.005319595 0.012639630 0.617054462 0.107253186 0.779474676
1745010419140717312.000000 1.217800975 0.092548445 2.014634848 0.011624782 0.614265680 0.109489039 0.781379998
1745010420252926976.000000 1.297163963 0.099255405 2.037859678 0.019548226 0.554989278 0.106697693 0.824754715
1745010420548818176.000000 1.289978027 0.097414814 2.044768333 0.022950772 0.533482313 0.106932022 0.838710606
1745010420855986176.000000 1.281080961 0.093746416 2.055494785 0.024953669 0.514055729 0.107186101 0.850667477
1745010421050249216.000000 1.282269239 0.093456231 2.056299210 0.027153922 0.495094866 0.106521927 0.861856639
1745010422253457920.000000 1.296595335 0.090922460 2.057598114 0.039432354 0.381317019 0.106611885 0.917429209
1745010422456616192.000000 1.315451741 0.090483896 2.080049753 0.042712092 0.354694128 0.104017630 0.928196132
1745010422752690176.000000 1.349185944 0.088089742 2.129112720 0.045535553 0.324309230 0.098652340 0.939690232
1745010422956273152.000000 1.368451118 0.086753152 2.158782959 0.047665250 0.307219833 0.094142266 0.945770204
1745010423158948096.000000 1.387772322 0.082863271 2.194319487 0.050039016 0.287447423 0.092365742 0.952018261
1745010423362058240.000000 1.400842190 0.079894677 2.222673655 0.051836669 0.271733612 0.091897711 0.956571281
1745010423453722112.000000 1.411082029 0.078118250 2.245215654 0.052404467 0.259663433 0.090392411 0.960030198
1745010423657951232.000000 1.423269033 0.074909709 2.275274754 0.054737274 0.243701428 0.088604338 0.964242041
1745010423760092928.000000 1.431661248 0.071581885 2.299399376 0.055612411 0.230372787 0.087653764 0.967549741
1745010423861602048.000000 1.437401295 0.070072234 2.315493584 0.056591600 0.222191527 0.085849740 0.969565928
1745010423963113984.000000 1.443193078 0.067778736 2.332215548 0.057287600 0.213282272 0.084839791 0.971612632
1745010424766511104.000000 1.482742667 0.046225142 2.516053677 0.066260926 0.131153211 0.074562445 0.986330986
1745010424959702016.000000 1.487995028 0.041066572 2.557156324 0.067822888 0.113589481 0.071888685 0.988599777
1745010425274373376.000000 1.496318817 0.027656276 2.640093803 0.071199924 0.082660660 0.067381889 0.991744697
1745010425468605952.000000 1.497828484 0.017218955 2.698473930 0.072739176 0.061032254 0.065143988 0.993348062
1745010425570072064.000000 1.499105453 0.012864708 2.723204851 0.073383175 0.052081581 0.063967653 0.993886590
1745010425773318144.000000 1.497774601 0.001503709 2.784938812 0.074789964 0.029917110 0.061628710 0.994843364
1745010425967616000.000000 1.495120406 -0.007169524 2.834253311 0.076873817 0.013685599 0.059607964 0.995163321
1745010426059202304.000000 1.493400335 -0.011611233 2.859570503 0.077600077 0.006988235 0.058841862 0.995222151
1745010426263077888.000000 1.484968781 -0.020877020 2.918400049 0.078843318 -0.003815898 0.057410553 0.995225191
1745010426365193216.000000 1.483766317 -0.024878580 2.943999052 0.079838216 -0.007806321 0.056882143 0.995152950
1745010426468285952.000000 1.482007742 -0.030803081 2.981213570 0.080328636 -0.012694611 0.055465233 0.995143116
1745010426865125120.000000 1.472952724 -0.054617029 3.092704296 0.080736220 -0.022225965 0.055152509 0.994960248
1745010427159493888.000000 1.462593794 -0.070748724 3.178550482 0.082547493 -0.025704795 0.053442251 0.994821191
1745010427669625344.000000 1.446233988 -0.100949124 3.311881781 0.082399510 -0.028656170 0.053014934 0.994775653
1745010427760687104.000000 1.446381688 -0.106698312 3.338951588 0.082538441 -0.030251434 0.052436575 0.994747519
1745010427862251008.000000 1.441457272 -0.114565045 3.374984026 0.082672790 -0.030264869 0.052637048 0.994725406
1745010428065908224.000000 1.437176943 -0.126660734 3.423524141 0.082092412 -0.030379152 0.052570801 0.994773507
1745010428167898112.000000 1.431213140 -0.133052677 3.459125519 0.082342766 -0.030508760 0.052208073 0.994767964
1745010428667062016.000000 1.424675226 -0.155063912 3.538585186 0.082791626 -0.061319761 0.048753776 0.993483007
1745010429871578880.000000 1.384339571 -0.163106561 3.531122208 0.084982902 -0.168125078 0.041655276 0.981211901
1745010430368841216.000000 1.373359084 -0.163766190 3.530287743 0.085638925 -0.208360463 0.036382381 0.973616064
1745010430470164992.000000 1.363262415 -0.167473912 3.547078371 0.085810050 -0.221399158 0.034718715 0.970779896
1745010430664182272.000000 1.323989391 -0.185462549 3.607635736 0.086866610 -0.245258138 0.032779317 0.965001643
1745010430767643904.000000 1.307451606 -0.190451473 3.632485628 0.088137686 -0.254020035 0.030901367 0.962678909
1745010431073124096.000000 1.245352507 -0.209828973 3.710345984 0.091404065 -0.283714890 0.025039427 0.954213917
1745010431369647360.000000 1.176471591 -0.230970040 3.781150103 0.092820905 -0.312402993 0.021004949 0.945170581
1745010431471506176.000000 1.155553818 -0.237850174 3.804783821 0.093002930 -0.320946693 0.019274753 0.942322791
1745010431674371328.000000 1.100332022 -0.252186924 3.858751774 0.092321463 -0.342708051 0.015457907 0.934766829
1745010431775683072.000000 1.077336073 -0.258921683 3.878894329 0.092758156 -0.350382209 0.014484299 0.931889713
1745010431866919936.000000 1.041971922 -0.267225266 3.908518314 0.093725689 -0.362593740 0.011469943 0.927151442
1745010431968859904.000000 1.017598748 -0.275087506 3.929292202 0.094358191 -0.370470434 0.011617220 0.923966050
1745010432070922240.000000 0.992849708 -0.280561775 3.949627399 0.095934398 -0.378300130 0.009838149 0.920645893
1745010432172861952.000000 0.968767405 -0.286154717 3.965929031 0.096808463 -0.386233658 0.008963882 0.917262971
1745010432273920000.000000 0.926423192 -0.296528906 3.996446609 0.097091623 -0.399116933 0.006710221 0.911720276
1745010432468667136.000000 0.870561600 -0.310589433 4.033486366 0.097803026 -0.415319711 0.004904929 0.904389381
1745010432774883328.000000 0.756556749 -0.333124191 4.101607323 0.099350296 -0.445125639 -0.000428189 0.889939666
1745010432977554944.000000 0.659716845 -0.353006393 4.149243355 0.100002408 -0.466587663 -0.006008971 0.878782868
1745010433170217984.000000 0.584347010 -0.366042882 4.183083057 0.100389108 -0.481815755 -0.010104613 0.870444477
1745010433272946176.000000 0.525500298 -0.377240807 4.209316254 0.099114820 -0.493387163 -0.011099216 0.864073038
1745010433374028288.000000 0.485146999 -0.383737653 4.225535393 0.099217020 -0.501317561 -0.012198579 0.859469593
1745010433476311296.000000 0.445129156 -0.390173256 4.237164021 0.099313661 -0.509429455 -0.013611625 0.854653895
1745010433577859072.000000 0.386637926 -0.395944506 4.255876541 0.100135274 -0.520925701 -0.015916390 0.847558916
1745010433680005376.000000 0.343711376 -0.403612286 4.269917011 0.099730708 -0.529199421 -0.017403357 0.842436314
1745010434576576000.000000 -0.163356066 -0.483320743 4.408843994 0.101185508 -0.571273267 -0.020364752 0.814244211
1745010434780375296.000000 -0.252778292 -0.500701666 4.435482025 0.100895233 -0.573869586 -0.020311899 0.812453806
1745010435176378880.000000 -0.452807426 -0.535780668 4.496877193 0.100158863 -0.578885913 -0.021325562 0.808952808
1745010435470778112.000000 -0.609520435 -0.565579414 4.543082237 0.100426145 -0.581616342 -0.021044252 0.806966007
1745010435674744064.000000 -0.720326900 -0.587312043 4.576619625 0.100891016 -0.582783043 -0.020709209 0.806074560
1745010435878111232.000000 -0.806513309 -0.601913333 4.602943420 0.100773297 -0.583627284 -0.020922383 0.805472732
1745010436376826368.000000 -1.063279510 -0.649433613 4.675410271 0.101194590 -0.588998497 -0.021497862 0.801485062
1745010436680558080.000000 -1.169542670 -0.676835299 4.728585243 0.100547090 -0.564059198 -0.017794330 0.819396675
1745010437680687104.000000 -1.533979893 -0.761863172 4.935453415 0.100713320 -0.520028055 -0.008998631 0.848143101
1745010437977659904.000000 -1.664129496 -0.792744875 5.002411366 0.100284904 -0.517990828 -0.008603128 0.849443614
1745010438475140096.000000 -1.875757694 -0.840437353 5.107612610 0.101307504 -0.517035782 -0.008225171 0.849907756
1745010438679115008.000000 -1.971412301 -0.863525271 5.155732155 0.101154737 -0.517401338 -0.007823878 0.849707186
1745010438882107136.000000 -2.047956944 -0.880015016 5.194160938 0.100574620 -0.517360508 -0.007674545 0.849802315
1745010439281154048.000000 -2.220184803 -0.915833831 5.278964996 0.100904532 -0.517846227 -0.009173801 0.849452496
1745010439484347136.000000 -2.312274218 -0.935744822 5.326836586 0.100860447 -0.517057896 -0.008632732 0.849943399
1745010439676989184.000000 -2.409442186 -0.958412588 5.375973701 0.099402584 -0.517191708 -0.008360888 0.850036502
1745010439880777216.000000 -2.484715462 -0.975456417 5.413880348 0.098650001 -0.517505050 -0.008794964 0.849929035
1745010440285670912.000000 -2.658101082 -1.014906645 5.498470783 0.098433040 -0.516309321 -0.008309858 0.850685954
1745010440479165952.000000 -2.755063772 -1.037390232 5.546979427 0.098138899 -0.516206980 -0.007902388 0.850785971
1745010440683045120.000000 -2.849839211 -1.056261659 5.596738815 0.098117694 -0.516999722 -0.007154488 0.850313485
1745010440885890304.000000 -2.924944162 -1.074037075 5.637107849 0.098580867 -0.517534494 -0.007169904 0.849934399
1745010441078445312.000000 -3.022338867 -1.096365929 5.682042122 0.098942660 -0.517018199 -0.007963999 0.850199521
1745010441292180992.000000 -3.096248150 -1.109410286 5.720107079 0.098878741 -0.517351687 -0.007235134 0.850010455
1745010441488333312.000000 -3.191406250 -1.129945993 5.765386581 0.098575309 -0.518133461 -0.008512574 0.849557638
1745010441877268992.000000 -3.359027147 -1.167573690 5.847734451 0.098850615 -0.519454658 -0.009235941 0.848710835
1745010442285376000.000000 -3.520230532 -1.203812480 5.925822258 0.098814711 -0.523901820 -0.009632024 0.845972657
1745010442479339008.000000 -3.563376427 -1.208379626 5.948076248 0.100225933 -0.512861609 -0.007781687 0.852564991
1745010443282408960.000000 -3.543015718 -1.199674606 5.957977295 0.099225223 -0.442470938 0.003125886 0.891271055
1745010443884022272.000000 -3.490698576 -1.180226803 5.970350266 0.102676384 -0.398147702 0.014470441 0.911442041
1745010444088617984.000000 -3.470363140 -1.163473845 5.974067688 0.103719369 -0.381051421 0.021100065 0.918475330
1745010444690292992.000000 -3.436176538 -1.124212742 5.985509872 0.109854057 -0.338139713 0.038920395 0.933851600
1745010445282290944.000000 -3.424528837 -1.105717659 5.994333267 0.110180914 -0.283564746 0.053792845 0.951082349
1745010445486320384.000000 -3.421092033 -1.100001097 6.000500679 0.109878197 -0.264413387 0.058911204 0.956316769
1745010445689778176.000000 -3.435949326 -1.114463925 6.045344830 0.108225100 -0.237558112 0.062255803 0.963316023
1745010446086297344.000000 -3.497740269 -1.158434033 6.223807812 0.105395727 -0.191047266 0.073186725 0.973157942
1745010446187955968.000000 -3.506730795 -1.172385573 6.281167030 0.103574879 -0.177264571 0.073873110 0.975905895
1745010446289207296.000000 -3.526427507 -1.177903771 6.330205917 0.103617355 -0.167023733 0.078593567 0.977338016
1745010446391105280.000000 -3.524783850 -1.191891789 6.366538525 0.101948783 -0.158291861 0.076542847 0.979127884
1745010446492612096.000000 -3.535450459 -1.210211158 6.432055950 0.099534445 -0.144291148 0.076951958 0.981504679
1745010446593821952.000000 -3.539657593 -1.222216368 6.471892834 0.099671215 -0.133229211 0.077123813 0.983039975
1745010446686680064.000000 -3.543956757 -1.231818199 6.518323898 0.101716921 -0.124456920 0.079937033 0.983755171
1745010446792241152.000000 -3.551243782 -1.244480968 6.591342449 0.101253346 -0.110003084 0.083694868 0.985211790
1745010446893572096.000000 -3.547176838 -1.252850413 6.632876873 0.100290246 -0.101113014 0.084493555 0.986194134
1745010446985824000.000000 -3.549716949 -1.262380958 6.679965496 0.099913865 -0.091401108 0.086151138 0.987036526
1745010447189116928.000000 -3.560146332 -1.290410638 6.818007946 0.098267652 -0.067281947 0.091512501 0.988656700
1745010447291051264.000000 -3.560250282 -1.301818013 6.869552612 0.097632773 -0.057624482 0.092548095 0.989233136
1745010447487040000.000000 -3.571449041 -1.319947481 7.021537781 0.097344354 -0.032403484 0.098765649 0.989807785
1745010447690503168.000000 -3.567276478 -1.340201974 7.144581318 0.096760616 -0.012751662 0.102098748 0.989975095
1745010447985330944.000000 -3.555153608 -1.373481870 7.374590397 0.094964035 0.022817947 0.109543413 0.989172101
1745010448086759168.000000 -3.558060646 -1.388825417 7.451147556 0.093765490 0.033544745 0.110811517 0.988839507
1745010448289426944.000000 -3.551706791 -1.432213545 7.633069515 0.090926088 0.060280435 0.113309108 0.987552404
1745010448390588928.000000 -3.541199923 -1.461212277 7.702239990 0.088716283 0.070535049 0.113049798 0.987103820
1745010448585488128.000000 -3.547706604 -1.506757498 7.920425892 0.085754670 0.100436188 0.116987631 0.984313309
1745010448789793024.000000 -3.559696198 -1.532433867 8.117547035 0.085748427 0.122942083 0.120271593 0.981359899
1745010449196119040.000000 -3.439200401 -1.555531025 8.514856339 0.087948836 0.146384075 0.125256211 0.977316558
1745010449388894976.000000 -3.402871370 -1.593983889 8.690921783 0.087703653 0.152803496 0.125602588 0.976310968
1745010449695822336.000000 -3.301005840 -1.640010476 8.974172592 0.087004602 0.158099309 0.126377672 0.975429952
1745010449797280000.000000 -3.274068117 -1.660848498 9.058392525 0.086755529 0.159592569 0.126496747 0.975193441
1745010450196926976.000000 -3.099439621 -1.743468404 9.478883743 0.086158752 0.161695123 0.126972184 0.974838197
1745010450491077888.000000 -2.988147259 -1.790835381 9.721601486 0.085745402 0.160654590 0.127526745 0.974974275
1745010450694249216.000000 -2.893374205 -1.844480634 9.924241066 0.083547860 0.158168346 0.125982150 0.975772023
1745010451598993920.000000 -2.696191311 -1.984900594 10.455267906 0.074645393 0.195451096 0.126510739 0.969650447
1745010452696134144.000000 -2.696337223 -1.906646490 10.556280136 0.076212443 0.324540466 0.144098476 0.931719303
1745010453592461056.000000 -2.762295246 -1.938896537 10.578464508 0.058567706 0.432130873 0.156590894 0.886178374
1745010453694614272.000000 -2.765897274 -1.944736123 10.597084999 0.055363435 0.447086811 0.156726748 0.878911316
1745010453796844288.000000 -2.771665096 -1.951576710 10.618359566 0.051734425 0.463262469 0.157242656 0.870624065
1745010454397413376.000000 -2.765497208 -1.967251062 10.689077377 0.039128836 0.542028606 0.163601577 0.823351979
1745010454499097088.000000 -2.763442516 -1.970858693 10.698824883 0.036997057 0.552956522 0.165082201 0.815854251
1745010454601519104.000000 -2.759672642 -1.974904299 10.718910217 0.034385335 0.570903361 0.165820971 0.803361952
1745010454794109184.000000 -2.754595757 -1.980478287 10.752461433 0.029546196 0.596673310 0.167075023 0.784343064
1745010455099140096.000000 -2.743091583 -1.989313126 10.823048592 0.020816669 0.643984377 0.167747810 0.746131003
1745010455200207872.000000 -2.739213943 -1.995070457 10.854097366 0.015183922 0.660211325 0.169603571 0.731522441
1745010455497049088.000000 -2.703249931 -1.998598337 10.903923035 0.008433887 0.699141920 0.169679746 0.694505811
1745010455700197888.000000 -2.669655800 -1.992626905 10.929365158 0.005061764 0.723798215 0.168136060 0.669194162
1745010455803417088.000000 -2.651460648 -2.006948471 10.930824280 -0.000993827 0.731132448 0.173315272 0.659853160
1745010455894628352.000000 -2.634921074 -2.011924744 10.931744576 -0.004767202 0.738497198 0.175762966 0.650927544
1745010455995797248.000000 -2.613099098 -2.005202532 10.936307907 -0.006548651 0.750684559 0.175260156 0.636956573
1745010456199072000.000000 -2.584279060 -2.002859831 10.936978340 -0.011898113 0.764771044 0.176976666 0.619405329
