1744773878514439168.000000 0.000000000 0.000000000 0.000000000 -0.000000000 -0.000000000 -0.000000000 1.000000000
1744773882027098112.000000 -0.006240980 0.001841112 0.056587592 0.000708927 -0.001223988 -0.000207733 0.999998987
1744773882121665280.000000 -0.005457415 0.001973135 0.067880273 0.000510079 -0.002130857 -0.000276190 0.999997556
1744773882323281152.000000 -0.006906264 0.004166874 0.090376459 0.001724047 -0.002564763 -0.000239070 0.999995232
1744773882456958976.000000 -0.005880240 0.005056474 0.102291264 0.002504915 -0.004063420 -0.000368938 0.999988556
1744773882945875200.000000 -0.015628127 0.009610855 0.169426441 0.007529600 -0.002231918 -0.001215182 0.999968410
1744773883052041984.000000 -0.016035961 0.008985515 0.180554837 0.006504581 -0.002569385 -0.000757659 0.999975264
1744773883359553024.000000 -0.017593540 0.011380677 0.214838043 0.007476456 -0.002969189 0.000391089 0.999967575
1744773883554330112.000000 -0.017578028 0.013801575 0.243087724 0.009917167 -0.003488020 0.001882811 0.999942958
1744773884054752000.000000 -0.020877300 0.014126690 0.300068885 0.008381993 -0.002395395 0.002688295 0.999958396
1744773884262027008.000000 -0.025166076 0.015344527 0.328485191 0.009472002 0.000067055 0.002824348 0.999951184
1744773884552116992.000000 -0.025875757 0.017895777 0.362530768 0.010665877 0.000141840 0.002719738 0.999939442
1744773884958142976.000000 -0.028196167 0.019359367 0.413480401 0.011867288 -0.000189064 0.002534984 0.999926329
1744773885086920960.000000 -0.028252287 0.021804305 0.424364924 0.013046040 -0.001337904 0.003611458 0.999907494
1744773885251944960.000000 -0.029531531 0.023154251 0.447089344 0.014238770 -0.001359183 0.003214963 0.999892533
1744773885357542144.000000 -0.031645745 0.024100846 0.464665502 0.014606014 -0.000571086 0.003098443 0.999888420
1744773885564718336.000000 -0.031703591 0.026236527 0.487069279 0.015437935 -0.001069424 0.002307288 0.999877632
1744773885752806912.000000 -0.032268107 0.026298489 0.508697987 0.015581393 -0.001322697 0.002588569 0.999874413
1744773885979078144.000000 -0.031062022 0.028822048 0.531449795 0.017397674 -0.004356066 0.002311350 0.999836504
1744773886364978176.000000 -0.033213243 0.028697241 0.582646310 0.017505759 -0.004360578 0.003561985 0.999830961
1744773887827044352.000000 -0.023552028 0.031514172 0.668069899 0.019288389 0.081756182 -0.001740567 0.996464193
1744773887920104960.000000 -0.021530267 0.031585086 0.668911338 0.019721190 0.098419473 -0.003215152 0.994944394
1744773888013894912.000000 -0.020929761 0.030482084 0.669037819 0.017729932 0.110401757 -0.002794317 0.993724942
1744773888116845056.000000 -0.019063003 0.029367421 0.668605566 0.015841896 0.120439820 -0.003642724 0.992587566
1744773889548664064.000000 -0.018099912 0.030272525 0.671037793 0.013791830 0.323756218 -0.014319713 0.945931613
1744773889850437120.000000 -0.018057436 0.030268744 0.671087265 0.013694673 0.364923984 -0.015997296 0.930799186
1744773889955105024.000000 -0.015524834 0.028921433 0.671329498 0.013288903 0.374683946 -0.018414745 0.926874459
1744773890152133888.000000 0.000457987 0.029177632 0.682280779 0.012975165 0.402751774 -0.018854385 0.915023029
1744773890266368256.000000 0.008466482 0.029181678 0.687482536 0.013290058 0.413536400 -0.019536328 0.910180926
1744773890360584960.000000 0.017399684 0.029096566 0.693816543 0.012531716 0.424659252 -0.020652117 0.905030966
1744773890454458112.000000 0.031735316 0.029313320 0.704137027 0.012932071 0.441691101 -0.022006707 0.896804035
1744773890558046208.000000 0.040982038 0.028989010 0.709754884 0.012161404 0.452530712 -0.023785880 0.891348600
1744773890654329344.000000 0.050461069 0.029092826 0.715328038 0.012533074 0.463055134 -0.024781505 0.885894358
1744773890853739008.000000 0.069302693 0.029142775 0.724844515 0.012647116 0.484612614 -0.027136030 0.874216378
1744773892056185344.000000 0.191208690 0.029092751 0.766012669 0.012406544 0.622648001 -0.036202244 0.781565666
1744773892158655232.000000 0.206026375 0.027780889 0.768962801 0.012002841 0.637192667 -0.035281193 0.769802988
1744773892469896192.000000 0.237456143 0.028711585 0.772608757 0.011956789 0.664605439 -0.033720557 0.746337473
1744773892557398016.000000 0.248344928 0.028927650 0.771877110 0.010752119 0.671951234 -0.033739857 0.739748299
1744773892973808384.000000 0.290855825 0.028031882 0.771298289 0.009014897 0.715762436 -0.038640250 0.697215736
1744773893163299072.000000 0.310547769 0.029029436 0.767517805 0.010172049 0.733278871 -0.040361118 0.678652883
1744773893257766912.000000 0.319892406 0.028994447 0.766228080 0.010430824 0.742019951 -0.040595304 0.669066310
1744773893763565056.000000 0.372058690 0.030524187 0.754359901 0.014612610 0.785066664 -0.047142833 0.617441833
1744773893963822080.000000 0.391953945 0.027558733 0.748695374 0.014248892 0.794503152 -0.043423049 0.605537891
1744773894071027968.000000 0.405703664 0.027153932 0.745015502 0.014924305 0.799369633 -0.044529427 0.599001288
1744773894370607104.000000 0.433248758 0.026214622 0.737507463 0.015729031 0.806043208 -0.045721386 0.589878500
1744773894580049152.000000 0.451328158 0.024620309 0.732591391 0.015073665 0.809063017 -0.046264473 0.585704207
1744773894776859136.000000 0.474374652 0.023790244 0.727080166 0.013835517 0.812096059 -0.046969153 0.581465840
1744773894979578880.000000 0.492049754 0.022846691 0.721558571 0.013292011 0.813440323 -0.047420699 0.579559803
1744773895271822336.000000 0.523789942 0.021566346 0.713521659 0.014071293 0.816542208 -0.046159044 0.575265348
1744773895571500032.000000 0.551500440 0.019849326 0.704728603 0.015318950 0.819291234 -0.047325585 0.571215808
1744773895674370048.000000 0.560165823 0.019108329 0.702136874 0.015596954 0.820590019 -0.046945401 0.569372356
1744773895788642048.000000 0.572491705 0.018772330 0.698312998 0.016116269 0.821833670 -0.047568992 0.567509413
1744773895883087104.000000 0.585315526 0.019769341 0.724130571 0.016554227 0.835172117 -0.044822536 0.547909141
1744773896085864960.000000 0.581385672 0.018532373 0.699555039 0.016869642 0.804980755 -0.045421649 0.591319144
1744773896198675200.000000 0.582028866 0.018436115 0.699639678 0.017645404 0.797582209 -0.043847553 0.601355672
1744773896481702144.000000 0.583271027 0.019500919 0.702335596 0.018193908 0.768707693 -0.043170385 0.637882352
1744773896678023168.000000 0.585288048 0.020753436 0.703091145 0.016798388 0.750885904 -0.044580366 0.658711374
1744773896770596352.000000 0.586040616 0.021282118 0.699735284 0.018921824 0.737923086 -0.043777164 0.673197627
1744773897176090368.000000 0.586793482 0.020832837 0.706415713 0.016021183 0.698628783 -0.041872051 0.714078367
1744773897679825920.000000 0.589917541 0.020985760 0.709873021 0.016286548 0.639635265 -0.043887477 0.767251849
1744773897888390144.000000 0.591659546 0.021135110 0.709472895 0.015873747 0.618977964 -0.042590160 0.784092069
1744773897974082304.000000 0.592940986 0.021281496 0.707845569 0.014980879 0.605821252 -0.043265708 0.794282258
1744773898983726336.000000 0.579651713 0.020912159 0.746296167 0.010765646 0.517660022 -0.034428637 0.854825556
1744773899080154880.000000 0.579511881 0.020444941 0.747342229 0.010323445 0.505840063 -0.033254944 0.861924231
1744773899504855040.000000 0.576727092 0.019639004 0.752690017 0.011073472 0.455145091 -0.028859321 0.889880598
1744773899701497088.000000 0.588032126 0.021340635 0.768164635 0.009981479 0.422656536 -0.027675766 0.905812323
1744773899796060160.000000 0.592341661 0.021478932 0.775187135 0.010399185 0.411213607 -0.026526684 0.911093593
1744773899899641344.000000 0.602602720 0.022574604 0.787446856 0.009987671 0.392457128 -0.027347650 0.919309437
1744773900120087040.000000 0.611533046 0.021692989 0.802862525 0.011472450 0.368131369 -0.025671488 0.929348528
1744773900302245120.000000 0.620348871 0.022768842 0.819123685 0.009639301 0.343599230 -0.023636501 0.938769400
1744773900497571328.000000 0.630612493 0.023119340 0.840570271 0.010278026 0.311087012 -0.020312643 0.950108767
1744773900600421120.000000 0.635367095 0.023785351 0.849385560 0.009744382 0.297684908 -0.019515160 0.954414964
1744773900702490368.000000 0.638370454 0.023868222 0.858054042 0.009696565 0.284969598 -0.017543914 0.958326995
1744773900931884032.000000 0.644754052 0.025302328 0.875553966 0.010725104 0.258792877 -0.016663473 0.965729594
1744773901135646208.000000 0.657531083 0.027231649 0.897588074 0.011035754 0.221755862 -0.014768165 0.974927962
1744773901248837120.000000 0.659350693 0.028176760 0.906674564 0.012114779 0.208713263 -0.014719660 0.977791071
1744773901340928000.000000 0.665603340 0.029287055 0.915895700 0.012574649 0.192506835 -0.013980568 0.981115460
1744773901521473280.000000 0.667664707 0.031421006 0.939338684 0.013178405 0.160317227 -0.013569547 0.986884296
1744773901627567360.000000 0.669646263 0.032342814 0.948866010 0.012763103 0.146789089 -0.013151365 0.988998055
1744773901720195328.000000 0.669991851 0.033336177 0.958812475 0.012935953 0.133831009 -0.013125389 0.990832806
1744773901823625984.000000 0.670389831 0.034254443 0.967846274 0.013107146 0.120049536 -0.012547311 0.992602110
1744773901915563008.000000 0.670242310 0.035115808 0.976303577 0.013639732 0.107116461 -0.012308670 0.994076729
1744773902029277184.000000 0.670691431 0.036501743 0.990150094 0.013738352 0.087141238 -0.011582180 0.996033907
1744773902121202944.000000 0.670192361 0.037428685 0.999208391 0.013013158 0.072823651 -0.010467740 0.997205019
1744773902534179328.000000 0.664256215 0.040770721 1.031291723 0.014496902 0.020663029 -0.011737154 0.999612510
1744773903122180096.000000 0.652435124 0.043107890 1.093526363 0.014989060 -0.049713530 -0.008822172 0.998612106
1744773903680123136.000000 0.641975224 0.038048167 1.148086786 0.005318118 -0.074672647 -0.010014270 0.997143626
1744773904782179072.000000 0.617974520 0.038199928 1.257792592 0.000525990 -0.088524394 -0.013714800 0.995979488
1744773905086490880.000000 0.605882823 0.039240498 1.276832104 -0.003756267 -0.091862492 -0.010743593 0.995706677
1744773906494618112.000000 0.586655736 0.040749058 1.269280434 -0.004083152 -0.278849989 0.003002135 0.960321307
1744773906677410048.000000 0.589030802 0.040346604 1.270087600 -0.005526690 -0.310765773 0.004024209 0.950461924
1744773906781334272.000000 0.589583576 0.040575996 1.270647645 -0.005611845 -0.324993044 0.005699508 0.945682585
1744773906884752896.000000 0.589370847 0.039879803 1.274037600 -0.004223797 -0.357151479 0.004491229 0.934026122
1744773907188133120.000000 0.582328916 0.041270711 1.281492233 -0.001684583 -0.402860463 0.007774996 0.915226877
1744773907376805376.000000 0.578428507 0.041509349 1.283057570 -0.001644086 -0.426103920 0.010163251 0.904615641
1744773907595518976.000000 0.573184967 0.042225935 1.285944462 -0.001869343 -0.457840204 0.012167491 0.888949275
1744773907995965952.000000 0.564737618 0.042697538 1.288448930 -0.002484083 -0.503590107 0.015402833 0.863801897
1744773908192765952.000000 0.559130371 0.043166991 1.289834619 -0.002690014 -0.532919288 0.018579377 0.845957875
1744773908885093120.000000 0.542953968 0.043735869 1.292727351 -0.005291504 -0.614414930 0.024080934 0.788597763
1744773909010249984.000000 0.540989995 0.043897238 1.293275714 -0.006796576 -0.626324594 0.024999263 0.779131830
1744773909187261184.000000 0.536548615 0.043848544 1.294448733 -0.008541872 -0.650126874 0.026502576 0.759315372
1744773909291293184.000000 0.534795523 0.044523694 1.294790387 -0.007180982 -0.661651313 0.030043634 0.749175191
1744773909898198016.000000 0.526709199 0.045124426 1.310148954 -0.012998265 -0.767716646 0.036588803 0.639612079
1744773910088808960.000000 0.524603724 0.045357585 1.309214711 -0.011177004 -0.784918904 0.039463732 0.618239403
1744773910403001344.000000 0.522098064 0.045475371 1.308166385 -0.011398018 -0.796959102 0.041198511 0.602518857
1744773910591026944.000000 0.519891977 0.045318827 1.307435036 -0.010340639 -0.802932680 0.042319305 0.594475746
1744773911098777344.000000 0.515057206 0.045427043 1.305795550 -0.015191307 -0.811063051 0.042109061 0.583243310
1744773911612750336.000000 0.510788918 0.045242444 1.303787708 -0.015809646 -0.812850595 0.044140663 0.580582082
1744773912208327168.000000 0.504661441 0.045213673 1.301187754 -0.013791293 -0.810531080 0.043986656 0.583878756
1744773912530725120.000000 0.502090931 0.045068931 1.300316572 -0.010572276 -0.809671879 0.049971707 0.584655881
1744773912810951936.000000 0.499529600 0.045210294 1.299378276 -0.011804413 -0.808285356 0.049292654 0.586605191
1744773913424442880.000000 0.493504882 0.045484982 1.298001766 -0.007487169 -0.781251132 0.050317299 0.622140467
1744773913704926976.000000 0.490334153 0.045480333 1.297119141 -0.007214342 -0.775561333 0.049653217 0.629275084
1744773914620756224.000000 0.481227756 0.045572221 1.294887662 -0.005709624 -0.771544874 0.049044557 0.634255886
1744773914819878144.000000 0.479423761 0.045409184 1.294397116 -0.006005841 -0.770062864 0.049498029 0.636016667
1744773915124246016.000000 0.476704001 0.045571916 1.293576717 -0.005904316 -0.770034730 0.050435949 0.635977864
1744773915527768064.000000 0.472519755 0.045659564 1.292567372 -0.004305335 -0.768428147 0.051955484 0.637808979
1744773916726722304.000000 0.460559130 0.045590986 1.290422201 -0.002854841 -0.771291733 0.050697062 0.634453118
1744773917031024896.000000 0.457315683 0.045545239 1.288776875 -0.002477215 -0.767377317 0.051511791 0.639118493
1744773917427055104.000000 0.453545928 0.045590125 1.288279533 -0.003484888 -0.765839040 0.053107679 0.640826046
1744773917636544256.000000 0.451278925 0.045533437 1.287622690 -0.000175379 -0.763177872 0.051972728 0.644095063
1744773918041295360.000000 0.447664976 0.045831032 1.286908150 0.002624571 -0.762300074 0.054849781 0.644890070
1744773918630377984.000000 0.441670179 0.046155211 1.285386205 0.008653849 -0.759243608 0.060327150 0.647946775
1744773918838103040.000000 0.439207196 0.046331596 1.284982800 0.010372384 -0.761070430 0.062768131 0.645541966
1744773918932167936.000000 0.438372493 0.046328470 1.284784794 0.009999584 -0.761555910 0.062624663 0.644989073
1744773919047784960.000000 0.437392116 0.046384692 1.284681797 0.009351202 -0.762500465 0.062285025 0.643914819
1744773919551790336.000000 0.436864734 0.046972398 1.284300327 0.019009378 -0.713846803 0.066658668 0.696862936
1744773919645434112.000000 0.436922431 0.046285257 1.285117507 0.012770073 -0.713857114 0.058081187 0.697761834
1744773919840593152.000000 0.437026024 0.046147328 1.285222650 0.011259197 -0.698427379 0.055858012 0.713408947
1744773919944738048.000000 0.436891913 0.046252862 1.285387397 0.011175391 -0.687787116 0.056703579 0.723608136
1744773920048748288.000000 0.436950922 0.046642210 1.284756184 0.014955924 -0.672301710 0.060885157 0.737617612
1744773920144689920.000000 0.436985373 0.046525452 1.284674644 0.013410767 -0.662038803 0.059550393 0.746979594
1744773920354093056.000000 0.437081099 0.046468146 1.285106182 0.012495752 -0.649540961 0.057092525 0.758077085
1744773920539646976.000000 0.437242150 0.046237219 1.285505652 0.010003235 -0.631149232 0.052416306 0.773823738
1744773920644184064.000000 0.437404633 0.046375528 1.285956264 0.011346832 -0.627051890 0.053165451 0.777078271
1744773920737308928.000000 0.437370420 0.046456125 1.285881281 0.012053824 -0.617018402 0.054063164 0.784996986
1744773921041414912.000000 0.437335908 0.046483029 1.285599470 0.012183327 -0.587190270 0.053245299 0.807604015
1744773921144709120.000000 0.437239647 0.046442553 1.285260439 0.012541953 -0.570071042 0.051413652 0.819889247
1744773921241831936.000000 0.437299788 0.046470575 1.285180449 0.012210718 -0.560881555 0.051368456 0.826210678
1744773921347276288.000000 0.437215984 0.046488255 1.285172820 0.011945238 -0.551377296 0.051670656 0.832568645
1744773921449796096.000000 0.437345028 0.045563944 1.285368323 0.001801252 -0.543807507 0.043356638 0.838087380
1744773921536564224.000000 0.437609732 0.045806229 1.285856485 0.003914474 -0.540944517 0.044562984 0.839867771
1744773921655588096.000000 0.437649190 0.045750499 1.285815477 0.002973049 -0.529763579 0.043807492 0.847008049
1744773921757991936.000000 0.437696636 0.045753077 1.285819888 0.003327414 -0.515197992 0.042236015 0.856023431
1744773922150077184.000000 0.437478721 0.045912325 1.285583735 0.006140184 -0.470541269 0.041592751 0.881375790
1744773922359143936.000000 0.436476290 0.045810848 1.286999464 0.003937761 -0.447604984 0.038268708 0.893403530
1744773922442447104.000000 0.435570687 0.045804434 1.287912607 0.004516154 -0.431020141 0.037225913 0.901562810
1744773922684400384.000000 0.434231639 0.045801710 1.289313078 0.004727006 -0.407914430 0.035541993 0.912315905
1744773922756707072.000000 0.433524609 0.045782164 1.290002704 0.003971522 -0.396297306 0.034306291 0.917472482
1744773922860622080.000000 0.432997197 0.045827232 1.290688753 0.003318056 -0.384737402 0.032675736 0.922441542
1744773922952874240.000000 0.432015717 0.045844369 1.291877270 0.002935847 -0.368058711 0.034074333 0.929173410
1744773923356324096.000000 0.430051714 0.045979537 1.294911027 0.004175230 -0.321675777 0.032851629 0.946270645
1744773923469108992.000000 0.429398388 0.046018526 1.295823336 0.003843447 -0.308980316 0.032149140 0.950517178
1744773923959304192.000000 0.426805168 0.046415742 1.300652862 0.003751384 -0.242266402 0.028294561 0.969789863
1744773924055230976.000000 0.426563442 0.046476897 1.301512599 0.003376295 -0.231463075 0.027122544 0.972459674
1744773924256894208.000000 0.425657451 0.046624810 1.303907514 0.002866934 -0.201673314 0.025585862 0.979114413
1744773924359017984.000000 0.425282419 0.046649609 1.304916739 0.003169491 -0.189535379 0.025211424 0.981545091
1744773924565673984.000000 0.424951911 0.046752114 1.306733727 0.003639795 -0.165442035 0.024074385 0.985918939
1744773924657997056.000000 0.424656600 0.046872519 1.308167100 0.004619737 -0.146413371 0.023623476 0.988930583
1744773925061856000.000000 0.424123347 0.046763416 1.311935902 0.002294495 -0.095731728 0.018658789 0.995229661
1744773925358736896.000000 0.424058199 0.047075104 1.315219402 0.002588928 -0.052151173 0.015952220 0.998508453
1744773925666247168.000000 0.424306870 0.047308881 1.318057299 0.002446856 -0.020581799 0.014954390 0.999673367
1744773925770089984.000000 0.424314111 0.047426403 1.319015503 0.002982967 -0.011551227 0.014711572 0.999820590
1744773925863008000.000000 0.424273789 0.047493711 1.320371032 0.002286115 -0.000874111 0.013642388 0.999903977
1744773926175164928.000000 0.424438238 0.047690742 1.323067427 0.002369317 0.012382699 0.012773869 0.999838948
1744773926466410240.000000 0.424435318 0.047792349 1.326304317 0.003549971 0.022836212 0.012163725 0.999658942
1744773926661026304.000000 0.424393386 0.047824889 1.328144073 0.002253270 0.027406251 0.011853297 0.999551594
1744773927476426240.000000 0.424614400 0.048184332 1.336003304 0.001790160 0.045556214 0.011173899 0.998897672
1744773927781147904.000000 0.424767613 0.048407078 1.339253545 0.001897210 0.051149767 0.010993700 0.998628676
1744773927969201152.000000 0.424838006 0.048497535 1.341084123 0.001859259 0.054738894 0.010068813 0.998448253
1744773928176504064.000000 0.424902439 0.048614185 1.342934489 0.002427541 0.058305200 0.009165755 0.998253822
1744773928269387008.000000 0.424946606 0.048667196 1.344211102 0.001823645 0.062257729 0.008425084 0.998022854
1744773929983237376.000000 0.426998317 0.048626333 1.344617486 -0.001809659 0.244939491 -0.006605205 0.969514191
1744773930079480064.000000 0.427179992 0.048673816 1.344434619 -0.000770380 0.259949446 -0.007543174 0.965592444
1744773930380575232.000000 0.427486420 0.048668917 1.344186425 -0.000729455 0.287809402 -0.009070738 0.957644522
1744773930588453888.000000 0.428186476 0.048591845 1.344382048 -0.000840330 0.317566037 -0.011454729 0.948166668
1744773930889742080.000000 0.430051446 0.048748657 1.346388578 0.000651696 0.356222451 -0.014714108 0.934285104
1744773931101602048.000000 0.431405425 0.048850596 1.347511292 0.000716295 0.380987793 -0.016658066 0.924429715
1744773931221729024.000000 0.432037830 0.048957106 1.348041773 0.001009096 0.392853409 -0.017069193 0.919442177
1744773931610981120.000000 0.435356915 0.049174182 1.350297451 0.001800313 0.447116464 -0.020775694 0.894232631
1744773931796153344.000000 0.437330037 0.049277872 1.351337433 0.007151182 0.474754483 -0.022163596 0.879810154
1744773931899399936.000000 0.438073426 0.049488202 1.351732373 0.008876837 0.487029165 -0.021874927 0.873066604
1744773931993926912.000000 0.438874185 0.049424194 1.352091551 0.007400203 0.498329729 -0.023514763 0.866637051
1744773932510080000.000000 0.443486840 0.049635433 1.354002476 0.006034023 0.558965862 -0.026180012 0.828755319
1744773932592485120.000000 0.444357067 0.049793754 1.354362369 0.007228328 0.569914281 -0.027005661 0.821228445
