1745116596784684288.000000 0.000000000 0.000000000 0.000000000 -0.000000000 -0.000000000 -0.000000000 1.000000000
1745116599487361280.000000 -0.002580528 -0.001588082 0.020502621 0.001597866 0.000735593 -0.000814493 0.999998152
1745116599588744192.000000 -0.005152580 -0.000309918 0.028972488 0.002172230 0.001644511 -0.001621469 0.999994993
1745116599680485888.000000 -0.008194119 0.001314079 0.038110577 0.001586179 0.002717274 -0.001886345 0.999993265
1745116600679197184.000000 -0.012650455 0.017793247 0.146853119 -0.006811687 0.000828154 -0.000437762 0.999976337
1745116601089874944.000000 -0.016895961 0.019252749 0.184907556 -0.008819682 0.002324409 -0.000403913 0.999958336
1745116602283748096.000000 -0.024641801 0.039851166 0.310591072 -0.007579972 0.001492618 -0.001860305 0.999968469
1745116602386547200.000000 -0.024996499 0.041805558 0.320288092 -0.007240825 0.000582411 -0.001756383 0.999972105
1745116602684095232.000000 -0.027646478 0.045833856 0.353192419 -0.005861823 0.000164790 -0.000988975 0.999982357
1745116603290714368.000000 -0.031789381 0.057237443 0.415713400 -0.006070275 0.001553578 0.000301705 0.999980330
1745116603695458048.000000 -0.036108818 0.064607121 0.459212393 -0.006065642 0.002952443 0.000229386 0.999977231
1745116603890703872.000000 -0.036700327 0.068062998 0.478052914 -0.005257529 0.003052473 0.000179191 0.999981523
1745116604189282304.000000 -0.039511379 0.072867855 0.506577671 -0.005409357 0.004288557 -0.000479932 0.999976039
1745116604395473920.000000 -0.042668741 0.076427355 0.531103611 -0.005407769 0.006747586 -0.001290637 0.999961793
1745116604590968064.000000 -0.043201931 0.079928279 0.549828708 -0.004943667 0.007066602 -0.001599773 0.999961555
1745116604692574976.000000 -0.044616453 0.081220426 0.559563577 -0.006066068 0.008617002 -0.002236849 0.999942005
1745116604900009216.000000 -0.044838436 0.086541601 0.581532300 -0.003846321 0.009284460 -0.001909700 0.999947727
1745116604992099328.000000 -0.041909065 0.091783911 0.587625146 -0.001449105 -0.008956920 0.004030460 0.999950707
1745116605197235200.000000 -0.046848174 0.087895446 0.587567627 -0.004584275 -0.023955345 0.004382467 0.999692917
1745116605497363968.000000 -0.055497222 0.083761424 0.588585138 -0.010971021 -0.059350606 0.007947291 0.998145282
1745116606199351040.000000 -0.066793427 0.085470051 0.583688915 -0.009077788 -0.140796095 0.014685312 0.989888072
1745116606397333248.000000 -0.068472296 0.086036213 0.584657013 -0.008621561 -0.164079800 0.015845241 0.986282170
1745116606593799168.000000 -0.070013978 0.087285891 0.584563255 -0.006484848 -0.188567564 0.017846443 0.981876612
1745116607397638912.000000 -0.077327251 0.091714680 0.585842550 -0.002427245 -0.298448265 0.025381524 0.954085231
1745116607593761280.000000 -0.077359818 0.091730192 0.585912704 -0.003399375 -0.323201865 0.027200395 0.945932925
1745116607798302208.000000 -0.077415518 0.091750287 0.586046815 -0.003015886 -0.345580608 0.029399674 0.937923551
1745116608004050944.000000 -0.077677712 0.091714375 0.586483240 -0.000237757 -0.369545728 0.032123473 0.928657055
1745116608199297280.000000 -0.089620918 0.090307422 0.596650660 -0.001470272 -0.406892121 0.030879645 0.912952960
1745116608403665920.000000 -0.102423236 0.090969354 0.606310725 -0.001502799 -0.434707761 0.032206245 0.899994254
1745116608598441216.000000 -0.114216462 0.093366489 0.608639359 0.001195397 -0.462337822 0.036999371 0.885930777
1745116608796189184.000000 -0.124259621 0.095877536 0.612196088 0.004958983 -0.484382421 0.037939459 0.874019265
1745116608899002368.000000 -0.128970563 0.097225085 0.612978101 0.005836922 -0.494776338 0.038390867 0.868152320
1745116609001332992.000000 -0.134166792 0.098264523 0.614256740 0.006343488 -0.506356061 0.038929928 0.861421943
1745116609205650944.000000 -0.148232639 0.101015188 0.618341863 0.009224445 -0.535185456 0.041669887 0.843655705
1745116609494145280.000000 -0.165223256 0.105296656 0.621885896 0.014235262 -0.568540812 0.046120696 0.821237922
1745116609596257280.000000 -0.170609593 0.107179925 0.622768223 0.016737828 -0.579101145 0.047126953 0.813720286
1745116609698935040.000000 -0.175829589 0.107977666 0.622289062 0.013883198 -0.587873280 0.047245912 0.807452857
1745116609894396160.000000 -0.190266833 0.111840650 0.623685241 0.021880984 -0.613993466 0.050784316 0.787371695
1745116610711399936.000000 -0.245357513 0.119033471 0.622750878 0.016082061 -0.694846630 0.055690456 0.716818154
1745116610803717120.000000 -0.251603931 0.119295821 0.622110367 0.015944313 -0.701203227 0.056411039 0.710547388
1745116611402502144.000000 -0.288195461 0.122226469 0.617323995 0.016437128 -0.723328769 0.060045086 0.687691689
1745116611505490176.000000 -0.294230461 0.122701488 0.616984010 0.016538592 -0.725134552 0.060570307 0.685738683
1745116611804331008.000000 -0.315230221 0.123819396 0.614446044 0.013392088 -0.729667306 0.059347559 0.681090415
1745116612308633088.000000 -0.345477283 0.124550804 0.609574914 0.015112541 -0.730453312 0.060630329 0.680098176
1745116612400350976.000000 -0.351036161 0.124272808 0.608715713 0.015643869 -0.730622232 0.061658382 0.679812312
1745116612807319040.000000 -0.373612642 0.125226513 0.605503082 0.016048783 -0.730070889 0.063176893 0.680255532
1745116613904721920.000000 -0.443683505 0.128485084 0.596863627 0.014715871 -0.729618490 0.064172499 0.680677772
1745116614109537024.000000 -0.458107412 0.128518015 0.593899608 0.014564802 -0.729492724 0.064033009 0.680828929
1745116615011659264.000000 -0.512638390 0.130821317 0.586875081 0.014541960 -0.728830516 0.064657122 0.681479335
1745116615106425344.000000 -0.518901944 0.131753564 0.586518824 0.014914652 -0.729046345 0.065286443 0.681180358
1745116615310586880.000000 -0.533089161 0.130963609 0.584072590 0.014752627 -0.727923393 0.064970955 0.682413936
1745116616011891200.000000 -0.576398075 0.132690206 0.578752697 0.013783908 -0.725686252 0.066410221 0.684674561
1745116616410496000.000000 -0.599546492 0.133173421 0.576412857 0.013689406 -0.725060284 0.067535505 0.685229242
1745116616710722304.000000 -0.620037138 0.133114263 0.573791981 0.014335711 -0.724101543 0.065681227 0.686409175
1745116616814675200.000000 -0.625631809 0.132860214 0.572741032 0.014038827 -0.723847151 0.065691382 0.686682582
1745116617411731968.000000 -0.662352741 0.133374840 0.567810893 0.013848809 -0.723136425 0.067323297 0.687276900
1745116617616843264.000000 -0.673867226 0.134624928 0.566370368 0.014794288 -0.723012328 0.067619823 0.687358618
1745116618016259072.000000 -0.699818075 0.135406047 0.562183440 0.014643666 -0.720150292 0.065678582 0.690547168
1745116618618959104.000000 -0.737379253 0.137718365 0.557190895 0.012718447 -0.718139231 0.065251291 0.692716837
1745116618812451072.000000 -0.748925209 0.137990832 0.556156516 0.011465132 -0.717849195 0.065995455 0.692968845
1745116619009153024.000000 -0.763609052 0.138728976 0.553986967 0.011508121 -0.716002584 0.066355914 0.694841564
1745116619213527296.000000 -0.774537086 0.138445944 0.552094996 0.011370322 -0.714409351 0.066542484 0.696464002
1745116619817228032.000000 -0.810434222 0.139409661 0.545633495 0.015171383 -0.708701134 0.069672130 0.701896250
1745116620412175872.000000 -0.841007113 0.142370135 0.540423453 0.017031180 -0.714430928 0.073999949 0.695573449
1745116620917867264.000000 -0.839835048 0.142396659 0.536174953 0.014965464 -0.753511190 0.080488026 0.652317882
1745116621719857920.000000 -0.836740077 0.146703124 0.526575804 0.022690024 -0.803094327 0.094291672 0.587906361
1745116621914524928.000000 -0.836692929 0.146997616 0.525798142 0.023358522 -0.816418290 0.095563687 0.569019437
1745116622125838336.000000 -0.834102869 0.146284580 0.521246672 0.021338999 -0.827425599 0.095724255 0.552945316
1745116623123563008.000000 -0.835085690 0.146489352 0.520744860 0.023702445 -0.895061493 0.097462833 0.434515983
1745116623319083264.000000 -0.835008264 0.146509677 0.520733118 0.023473177 -0.906775892 0.100897484 0.408688396
1745116623423578368.000000 -0.838417888 0.147103339 0.518730700 0.026213666 -0.916613281 0.102287911 0.385577798
1745116623629219328.000000 -0.843751788 0.148886412 0.508616090 0.028522955 -0.926394761 0.106623121 0.360014915
1745116623926439936.000000 -0.852499366 0.149532005 0.490791500 0.029960793 -0.941588283 0.112511754 0.315998375
1745116624224637952.000000 -0.859719634 0.149383366 0.474034190 0.032434650 -0.953146160 0.114077903 0.278292447
1745116624419252224.000000 -0.862729669 0.148608059 0.463845968 0.033461921 -0.959717095 0.115058213 0.254135817
1745116624623829248.000000 -0.866461277 0.148249686 0.449653357 0.035817422 -0.967125416 0.115387097 0.223766416
1745116624930432000.000000 -0.870188832 0.147533730 0.432025790 0.038443070 -0.974608243 0.115157992 0.188147813
1745116625219804928.000000 -0.872274101 0.146685064 0.410964698 0.042033736 -0.981933773 0.115461960 0.143902123
1745116625333609984.000000 -0.872718155 0.146500736 0.404741794 0.043230642 -0.983643115 0.115968212 0.130876809
1745116625425675264.000000 -0.873033166 0.146277070 0.398531258 0.043609213 -0.984983146 0.117516689 0.118727975
1745116625529230080.000000 -0.872750401 0.145949632 0.392901003 0.043260161 -0.986348450 0.117301673 0.107170895
1745116625620638976.000000 -0.872940063 0.145698354 0.386768818 0.043684740 -0.987600446 0.117793895 0.094136521
1745116626030063104.000000 -0.868867934 0.151368827 0.359698236 0.046423137 -0.990766227 0.121670201 0.037730556
1745116626132179968.000000 -0.868005216 0.151119962 0.353125125 0.046424676 -0.991310060 0.120457977 0.025279321
1745116626329790976.000000 -0.864154816 0.152342364 0.337564766 -0.047895133 0.991349936 -0.122114763 0.004401118
1745116626637174016.000000 -0.858886242 0.157214761 0.318536758 -0.049871862 0.989825487 -0.126532778 0.041806400
1745116626731098112.000000 -0.856831670 0.159847468 0.312314272 -0.051279392 0.988874853 -0.130163953 0.050540268
1745116626925859328.000000 -0.854253948 0.161239699 0.294880629 -0.052289560 0.987299085 -0.132239670 0.070844822
1745116627038369280.000000 -0.852917433 0.162634671 0.287709594 -0.052770089 0.986539125 -0.134241268 0.077040017
1745116627232345088.000000 -0.847325325 0.161258668 0.276141465 -0.053528301 0.986252666 -0.133238420 0.081779741
1745116627326631168.000000 -0.845353305 0.161307186 0.270718038 -0.053101365 0.985852420 -0.134257883 0.085147299
1745116627532208128.000000 -0.841169178 0.160423979 0.257384002 -0.054370087 0.985748351 -0.133539483 0.086667404
1745116627934181888.000000 -0.828863919 0.160511762 0.231369078 -0.055316396 0.985382438 -0.136440858 0.085705496
1745116628128477952.000000 -0.821964979 0.159401312 0.216711938 -0.055015638 0.985751927 -0.135577768 0.082976215
1745116628231249152.000000 -0.818500638 0.157785207 0.211240768 -0.054494061 0.986310720 -0.133108974 0.080645345
1745116628334887936.000000 -0.815756857 0.157113239 0.205580473 -0.053313974 0.986377060 -0.133668751 0.079690568
1745116628633543936.000000 -0.809784710 0.155761942 0.187319994 -0.052520219 0.986467779 -0.136614025 0.073888719
1745116628831282176.000000 -0.803524792 0.153021693 0.172221571 -0.052814517 0.987152576 -0.134409010 0.068371594
1745116628932971008.000000 -0.802222490 0.152230978 0.165441096 -0.052791566 0.987090051 -0.134496257 0.069116898
1745116630032755200.000000 -0.793903351 0.151205242 0.144458115 -0.053664349 0.974394858 -0.125390187 0.178751409
1745116630134777344.000000 -0.793760478 0.151177794 0.144300461 -0.053979144 0.972142816 -0.123988502 0.191445634
1745116630536855296.000000 -0.793468833 0.150929034 0.143951714 -0.057738461 0.960887849 -0.119747713 0.242943093
1745116631237752320.000000 -0.793088138 0.150424033 0.143467247 -0.069191560 0.930585861 -0.109363675 0.342435509
1745116631641632000.000000 -0.792774677 0.150313556 0.143092036 -0.073027588 0.911020398 -0.104881473 0.392057031
1745116631743688192.000000 -0.792303443 0.150516868 0.142955899 -0.068591841 0.902968347 -0.102772444 0.411559522
1745116631835227904.000000 -0.791491210 0.150199741 0.141457796 -0.073862776 0.888886571 -0.097204037 0.441561282
1745116632032776960.000000 -0.790228605 0.149935827 0.139745057 -0.073970906 0.871526539 -0.090137891 0.476282418
1745116632135856128.000000 -0.789376676 0.149982199 0.139103115 -0.073523335 0.863923490 -0.087381564 0.490504831
1745116632239225088.000000 -0.788402438 0.150101870 0.138363659 -0.071862444 0.855973899 -0.085029818 0.504890501
1745116632340958976.000000 -0.787477911 0.150297314 0.137899697 -0.071099244 0.848776817 -0.083466575 0.517258286
1745116632443487232.000000 -0.786622286 0.150514111 0.137515903 -0.069655515 0.841515601 -0.082761094 0.529292285
1745116632545451264.000000 -0.785677552 0.150961831 0.137309372 -0.070086025 0.831072748 -0.081389621 0.545693874
1745116632741263104.000000 -0.784176111 0.151312903 0.136891901 -0.069994174 0.816648185 -0.080388442 0.567207396
1745116633037090048.000000 -0.781959295 0.151896790 0.136512637 -0.071878389 0.793558478 -0.078718528 0.599084198
1745116633138480128.000000 -0.780796587 0.152104020 0.136332989 -0.071539335 0.782073557 -0.076613039 0.614307344
1745116633447714048.000000 -0.778949261 0.152685523 0.136379302 -0.072040431 0.757191479 -0.074585184 0.644909561
1745116633640909312.000000 -0.777250528 0.153097957 0.136454344 -0.071657285 0.736236393 -0.069692068 0.669301331
1745116633743261184.000000 -0.776520312 0.153235167 0.136519909 -0.071391925 0.727281868 -0.067945734 0.679225802
1745116634557066240.000000 -0.769244313 0.154902071 0.137723297 -0.070985556 0.657052994 -0.054346476 0.748524487
1745116634649178368.000000 -0.768485069 0.155026138 0.137910187 -0.070270859 0.652808487 -0.053682759 0.752343833
1745116634950333184.000000 -0.765688539 0.155630440 0.138497919 -0.072938360 0.643038392 -0.052284036 0.760557711
1745116635359160064.000000 -0.762635469 0.156165361 0.139136106 -0.070316188 0.636582613 -0.051472958 0.766269445
1745116635544180224.000000 -0.760611713 0.156588763 0.139521211 -0.070759818 0.634934247 -0.049860071 0.767701387
1745116635853459968.000000 -0.758273721 0.157141954 0.140077353 -0.071188264 0.635493875 -0.053008873 0.766987562
1745116636048190976.000000 -0.756333888 0.157472298 0.140550375 -0.070252724 0.635426521 -0.054236170 0.767043769
1745116636356547072.000000 -0.754018426 0.158137202 0.141025692 -0.069132529 0.635156691 -0.054316740 0.767363250
1745116636653556992.000000 -0.751185060 0.158567250 0.141755611 -0.070703834 0.634674788 -0.054006234 0.767640710
1745116637256868096.000000 -0.746452689 0.159682333 0.142815411 -0.070861153 0.634158790 -0.054364581 0.768027246
1745116637751920128.000000 -0.742080212 0.160659581 0.143730164 -0.069744118 0.635829985 -0.053963609 0.766775012
1745116638060610048.000000 -0.739441574 0.161121905 0.144368947 -0.068766758 0.637764931 -0.055658273 0.765133440
1745116638453417984.000000 -0.735809743 0.161983162 0.145202070 -0.068733364 0.637057543 -0.057466563 0.765591860
1745116638649671936.000000 -0.734205782 0.162387967 0.145568162 -0.069221325 0.637463093 -0.057687122 0.765193701
1745116639656249344.000000 -0.725948393 0.164343685 0.147440732 -0.067782693 0.640716791 -0.061172828 0.762328923
1745116639852963328.000000 -0.723957658 0.164777100 0.147881925 -0.067506485 0.640424788 -0.060472876 0.762654603
1745116640060706048.000000 -0.722401381 0.165129930 0.148158401 -0.066376813 0.641005576 -0.060212616 0.762286305
1745116640563892224.000000 -0.718059123 0.165837169 0.148996204 -0.066850424 0.643605769 -0.062241383 0.759887278
1745116640758567936.000000 -0.716494203 0.166188776 0.149148911 -0.066136949 0.643277884 -0.061796471 0.760263562
1745116640956134912.000000 -0.714542985 0.166419491 0.149523795 -0.064047515 0.644146502 -0.061640445 0.759719551
1745116641159695104.000000 -0.712995529 0.166791260 0.149960488 -0.060536109 0.646966696 -0.061652806 0.757606983
1745116641458693888.000000 -0.710602880 0.167246729 0.150370866 -0.059743017 0.648028553 -0.061495770 0.756774724
1745116641561189120.000000 -0.709418178 0.167437017 0.150663644 -0.061278161 0.648603559 -0.060717929 0.756222010
1745116641860916224.000000 -0.706988513 0.168153346 0.151011854 -0.060616821 0.649233699 -0.061981048 0.755631983
1745116642056311040.000000 -0.705486417 0.168316424 0.151315928 -0.059310198 0.650702536 -0.062435299 0.754433811
1745116642364056064.000000 -0.702551246 0.168975860 0.151665241 -0.065327421 0.652049243 -0.058025047 0.753124952
1745116642557700096.000000 -0.700857878 0.169233024 0.152016848 -0.066666052 0.655534446 -0.057889715 0.749985993
1745116642766410240.000000 -0.698900104 0.169615865 0.152287453 -0.065296151 0.657783508 -0.058972992 0.748050511
1745116642961588992.000000 -0.697333872 0.169906750 0.152537376 -0.062117580 0.661528170 -0.059383985 0.744980156
1745116644066639104.000000 -0.690292597 0.171172708 0.153217912 -0.055726130 0.682419538 -0.068396725 0.725616992
1745116644270625024.000000 -0.689743757 0.171309590 0.153132766 -0.054265149 0.687904835 -0.070413530 0.720336199
1745116644662833920.000000 -0.688776851 0.171463102 0.152892113 -0.054613274 0.705910444 -0.074328691 0.702269971
1745116644860592128.000000 -0.689116299 0.171319544 0.152492225 -0.063525125 0.697006226 -0.080870405 0.709652722
1745116645079902208.000000 -0.688406646 0.171331793 0.151502132 -0.053635277 0.664930463 -0.065236539 0.742115200
1745116645264144896.000000 -0.688401222 0.171554863 0.152297974 -0.052345477 0.649908841 -0.061463997 0.755711973
1745116645471989248.000000 -0.688496709 0.171817482 0.153499693 -0.050475635 0.644526780 -0.059106722 0.760620773
1745116645667757312.000000 -0.688410759 0.171558321 0.153474778 -0.054214656 0.621648610 -0.052387800 0.779659808
1745116645874387968.000000 -0.688407063 0.171774372 0.153795570 -0.052051626 0.598992944 -0.049585130 0.797520757
1745116646069026304.000000 -0.688351810 0.171602383 0.154209882 -0.055407342 0.581116676 -0.044319920 0.810721397
1745116646273936128.000000 -0.688340306 0.171358168 0.154766217 -0.059460830 0.564979851 -0.037137691 0.822121024
1745116646377423360.000000 -0.688413143 0.171559960 0.154953510 -0.056005158 0.556517482 -0.036535472 0.828140616
1745116646469526016.000000 -0.688478351 0.171451032 0.155323222 -0.056218997 0.544342160 -0.031380776 0.836388826
1745116646571425280.000000 -0.688595235 0.171618879 0.155661672 -0.052966587 0.537132859 -0.030577613 0.841277480
1745116646777080064.000000 -0.688486814 0.171756715 0.155359611 -0.048538763 0.511374116 -0.030099763 0.857458234
1745116647075339008.000000 -0.688646197 0.171878055 0.155775368 -0.048035905 0.481988966 -0.021933420 0.874584556
1745116647274182912.000000 -0.688559055 0.171877787 0.155861512 -0.049275406 0.460550994 -0.023257595 0.885959268
1745116647884454912.000000 -0.688354433 0.171955585 0.156070471 -0.048796855 0.386220753 -0.014565215 0.920999587
1745116648480195328.000000 -0.688175797 0.171785831 0.155967504 -0.053707115 0.300309122 -0.004818961 0.952316523
1745116648773091072.000000 -0.688149810 0.171796143 0.156001896 -0.054252796 0.253708452 0.001264960 0.965757310
1745116649177801216.000000 -0.688122988 0.171811253 0.156039745 -0.055411056 0.199831054 0.006772256 0.978238881
1745116649281521152.000000 -0.688110769 0.171817914 0.156057581 -0.055331167 0.187202781 0.009599222 0.980714738
1745116649385030144.000000 -0.688099682 0.171825692 0.156073645 -0.055548809 0.173033684 0.010330536 0.983293951
1745116649581944320.000000 -0.688032448 0.171872437 0.156171739 -0.056145296 0.138094634 0.013812937 0.988729894
1745116649683834368.000000 -0.688020647 0.171860352 0.156206220 -0.057887290 0.125361726 0.014166724 0.990319550
1745116651278258944.000000 -0.009169761 -0.010795081 0.024474598 -0.006204456 0.067266330 -0.008311277 0.997681141
1745116651680560384.000000 -0.006760487 -0.007855840 0.022400284 -0.004354616 0.025106777 -0.003385604 0.999669552
1745116651885131008.000000 -0.010226444 -0.005443679 0.020498181 -0.003081711 0.020523267 -0.002937005 0.999780297
1745116652288145920.000000 -0.010202001 -0.005452795 0.020392293 -0.003194812 0.020484552 -0.002879718 0.999780953
1745116666312929280.000000 -0.010181742 -0.005496051 0.020349281 -0.003426444 0.020432174 -0.003006335 0.999780834
