1745119680332847104.000000 0.000000000 0.000000000 0.000000000 -0.000000000 -0.000000000 -0.000000000 1.000000000
1745119687648869888.000000 -0.002958581 0.002344056 0.047868665 0.000590344 -0.000117961 -0.000089569 0.999999821
1745119687753585152.000000 -0.003733983 0.002955295 0.058869224 0.001545052 0.000387277 -0.000265414 0.999998689
1745119687950226944.000000 -0.005228778 0.004371491 0.082426675 0.000896963 0.000817568 -0.000937740 0.999998868
1745119688248078080.000000 -0.007749620 0.006727148 0.123342358 0.000619782 0.000490849 0.000240726 0.999999702
1745119689057080320.000000 -0.014450247 0.011521271 0.221311852 0.000554139 -0.000852115 -0.000135641 0.999999523
1745119689554635008.000000 -0.018650442 0.014110914 0.284956843 0.002021633 -0.001253337 -0.001839895 0.999995530
1745119690359250176.000000 -0.024468008 0.019303603 0.384420097 0.008130206 0.000101321 -0.001557411 0.999965727
1745119690556314112.000000 -0.025320655 0.021378208 0.414880574 0.003922204 -0.000401537 -0.002485971 0.999989152
1745119690762949888.000000 -0.027962919 0.022921093 0.437932938 0.003749195 -0.000145156 -0.003027366 0.999988377
1745119691054599936.000000 -0.029586252 0.024509819 0.473440766 0.003137127 -0.000470437 -0.004460535 0.999985039
1745119691560560128.000000 -0.035388589 0.028274830 0.537160218 0.004559238 -0.001651785 -0.004040607 0.999980092
1745119691861504000.000000 -0.037359983 0.030139312 0.578427613 0.006089312 0.000107976 -0.003696118 0.999974668
1745119692864282112.000000 -0.047711954 0.035819221 0.701973915 0.005198167 0.005112689 -0.005569138 0.999957919
1745119693060037120.000000 -0.048577107 0.037665065 0.731110930 0.005188654 0.004681548 -0.005539621 0.999960244
1745119693767397888.000000 -0.055506259 0.042967986 0.818834543 0.007377323 0.008731769 -0.006461172 0.999913812
1745119693961968128.000000 -0.055493940 0.044200428 0.841829181 0.008427333 0.009175155 -0.006026212 0.999904275
1745119694167395072.000000 -0.056226779 0.044464976 0.865818322 0.008412042 0.010017826 -0.005399531 0.999899864
1745119694561028352.000000 -0.060116008 0.047470909 0.918137729 0.009510710 0.012051635 -0.006961768 0.999857903
1745119694767767296.000000 -0.061589532 0.049594857 0.947554111 0.009373741 0.013440537 -0.006595447 0.999844015
1745119695161604096.000000 -0.064622119 0.050670370 0.994134426 0.012767754 0.015571106 -0.002890363 0.999793053
1745119695562889216.000000 -0.065612450 0.055316225 1.047263741 0.012362059 0.016761126 -0.002581159 0.999779761
1745119695871039232.000000 -0.065391868 0.056647491 1.082828403 0.012333649 0.017614454 -0.001894460 0.999767005
1745119696064672000.000000 -0.068153188 0.057653211 1.111970305 0.012608807 0.019072391 -0.002106264 0.999736369
1745119696269274112.000000 -0.066110745 0.060608588 1.135114670 0.009308008 0.016874887 -0.002678158 0.999810696
1745119696465021184.000000 -0.070938371 0.062145486 1.158977747 0.007996559 0.021330051 -0.003235047 0.999735296
1745119696669417216.000000 -0.071679190 0.063710280 1.187994838 0.009187672 0.021002572 -0.002091277 0.999734998
1745119696866429184.000000 -0.073537290 0.064686254 1.211067438 0.011151566 0.022972880 -0.001019803 0.999673367
1745119697265524992.000000 -0.076594993 0.069226250 1.263773918 0.017730758 0.026846508 -0.000263377 0.999482274
1745119697470404096.000000 -0.075519986 0.072173424 1.286477923 0.022057887 0.026225595 0.000895951 0.999412298
1745119697667130112.000000 -0.076241016 0.075055242 1.310581088 0.025442291 0.027537014 0.000708292 0.999296725
1745119697770270976.000000 -0.077534623 0.075726785 1.322721124 0.025607439 0.029037463 0.001191916 0.999249578
1745119697965111296.000000 -0.077641219 0.077706285 1.351638198 0.026650120 0.028688814 0.002030988 0.999231040
1745119698170810112.000000 -0.074092641 0.075380661 1.372744083 0.022187773 0.026969111 0.002368933 0.999387205
1745119698374384128.000000 -0.097608030 0.073253989 1.380549788 0.020050025 0.036983114 0.000329987 0.999114692
1745119698569931008.000000 -0.101112016 0.074500203 1.380752683 0.024506500 0.003198788 0.004252704 0.999685526
1745119699973963008.000000 -0.101315565 0.074272625 1.380493999 0.018727286 -0.221494511 0.018171167 0.974812448
1745119700571031040.000000 -0.102433123 0.073809683 1.379843593 0.017363541 -0.314953059 0.022792853 0.948674679
1745119700776286208.000000 -0.102591455 0.073688090 1.379936099 0.016980823 -0.344444454 0.023769053 0.938352168
1745119700879233024.000000 -0.102529854 0.074138522 1.381124496 0.019243121 -0.366044849 0.025805363 0.930040300
1745119701074623232.000000 -0.111912176 0.072178841 1.397848606 0.014288216 -0.414808691 0.026450476 0.909411907
1745119701178278912.000000 -0.121764719 0.072479784 1.403768420 0.014779059 -0.427897871 0.027580906 0.903285265
1745119701385506048.000000 -0.142249823 0.073094308 1.413385153 0.015528025 -0.453105837 0.029550714 0.890831470
1745119701580022016.000000 -0.168565184 0.073198140 1.423921227 0.016885865 -0.481481344 0.031481702 0.875727952
1745119701681596160.000000 -0.179959059 0.072765172 1.429416180 0.018122541 -0.493395984 0.031485759 0.869045794
1745119701783262976.000000 -0.189702958 0.072242990 1.431333065 0.017736131 -0.504215419 0.030848991 0.862844527
1745119701877263360.000000 -0.200659364 0.072514944 1.434160709 0.018488729 -0.515780091 0.031046186 0.855958641
1745119701979973376.000000 -0.211793661 0.072579294 1.437448025 0.017816622 -0.527585983 0.031450104 0.848732293
1745119702082708224.000000 -0.227218091 0.072238490 1.440795422 0.018194377 -0.544543982 0.031820185 0.837930977
1745119702277199360.000000 -0.248810768 0.072733641 1.444149137 0.013462223 -0.565742671 0.029907390 0.823929429
1745119702584332288.000000 -0.281420708 0.072816640 1.447829366 0.012335784 -0.600253522 0.031831544 0.799080908
1745119702791002368.000000 -0.308026314 0.072105840 1.448698521 0.012409222 -0.627774358 0.034444764 0.777533889
1745119702883746048.000000 -0.318552077 0.071890682 1.448390841 0.011642435 -0.638426125 0.034996655 0.768799007
1745119702985904128.000000 -0.329747915 0.071705163 1.448340654 0.011828299 -0.648929775 0.035703648 0.759918153
1745119703087653120.000000 -0.340488791 0.071611598 1.447152138 0.010965953 -0.659270644 0.036571737 0.750935733
1745119703189838080.000000 -0.350458920 0.071553282 1.445921659 0.011077952 -0.669532955 0.037204765 0.741767287
1745119703281525248.000000 -0.366787195 0.071736708 1.443577051 0.010794058 -0.684473157 0.037577707 0.727989018
1745119703383344896.000000 -0.376964450 0.071440503 1.441788077 0.010140643 -0.694054425 0.038286451 0.718832254
1745119703485669120.000000 -0.387256145 0.070983380 1.439757109 0.009958499 -0.703696370 0.039754514 0.709317863
1745119703783313152.000000 -0.417837620 0.070644245 1.431825995 0.010536721 -0.731877029 0.042507678 0.680028021
1745119703885062912.000000 -0.432826996 0.070538700 1.427181721 0.010613562 -0.745787740 0.043887842 0.664651692
1745119704192246272.000000 -0.461977720 0.072679490 1.416072845 0.011511926 -0.769723296 0.044862319 0.636695266
1745119704295133952.000000 -0.471401691 0.072053850 1.412664294 0.011040641 -0.775152504 0.044655040 0.630097330
1745119704594858240.000000 -0.504762769 0.074184254 1.399485230 0.012529347 -0.786758840 0.046025414 0.615414679
1745119704983741952.000000 -0.544102430 0.073584147 1.386595011 0.013338948 -0.794197202 0.046112020 0.605761170
1745119705097786880.000000 -0.552974701 0.073325522 1.382871866 0.013826679 -0.795289457 0.046431996 0.604290962
1745119705190257152.000000 -0.567204118 0.073847607 1.377048850 0.014487122 -0.796004593 0.048001654 0.603210270
1745119705595094272.000000 -0.605330229 0.072391830 1.364237785 0.014977857 -0.798615575 0.048816524 0.599671423
1745119706004379136.000000 -0.648473024 0.071235612 1.349214792 0.015280606 -0.799220324 0.049439292 0.598806441
1745119706189197056.000000 -0.667299151 0.070041716 1.341589212 0.015761295 -0.797368824 0.049047288 0.601289392
1745119706292739072.000000 -0.676595211 0.069815814 1.337962151 0.016176043 -0.796847999 0.049317863 0.601946414
1745119706395896320.000000 -0.689875722 0.068722814 1.334170341 0.015413140 -0.798022509 0.049229573 0.600415766
1745119706589709312.000000 -0.695522785 0.065650612 1.329070687 0.012033526 -0.809856057 0.048415434 0.584503472
1745119706794116352.000000 -0.695337176 0.068164587 1.328431845 0.013177974 -0.826934218 0.050429899 0.559877634
1745119707196853248.000000 -0.690010548 0.068317503 1.319192052 0.011293614 -0.856417954 0.051745620 0.513559282
1745119707391230208.000000 -0.688543439 0.067371391 1.316558361 0.010212852 -0.868776739 0.050523262 0.492514163
1745119707596309248.000000 -0.688696027 0.068892531 1.316008806 0.010946846 -0.886124671 0.052643556 0.460317254
1745119707791753984.000000 -0.686094046 0.066885844 1.312335849 0.008862730 -0.896914244 0.051037274 0.439159989
1745119708193240064.000000 -0.681297898 0.068526462 1.304262638 0.008872442 -0.920214713 0.053812411 0.387595654
1745119708398849280.000000 -0.681586981 0.068425179 1.304048061 0.008784778 -0.931067646 0.053679194 0.360769212
1745119708602801152.000000 -0.682622671 0.068271801 1.303083897 0.010169666 -0.943617582 0.057281263 0.325885534
1745119708799267328.000000 -0.685868144 0.067571923 1.299980521 0.008468357 -0.958515406 0.051043432 0.280305326
1745119708893629952.000000 -0.686984420 0.067322046 1.298906088 0.009414224 -0.963431060 0.050903190 0.262908399
1745119708998798080.000000 -0.688099384 0.067138195 1.297731638 0.010606037 -0.967979252 0.051295448 0.245504454
1745119709297904896.000000 -0.692935109 0.066931494 1.295470715 0.010535207 -0.983157098 0.052128434 0.174853876
1745119709399492352.000000 -0.695477366 0.066560425 1.294389248 0.010133566 -0.989328027 0.049313817 0.136731744
1745119709605329920.000000 -0.699701190 0.066672921 1.293036461 0.009415831 -0.995691836 0.051871762 0.076278903
1745119709902806016.000000 -0.708118618 0.067224711 1.289776564 -0.008960135 0.997539222 -0.059400648 0.036149323
1745119709995385088.000000 -0.711884916 0.067172192 1.287547112 -0.008459748 0.993842125 -0.059927490 0.092817165
1745119710098132992.000000 -0.714443207 0.068620354 1.285538554 -0.005156891 0.988422811 -0.072676122 0.133086517
1745119710210410240.000000 -0.714136183 0.068531632 1.284803391 -0.004225721 0.986427188 -0.072034858 0.147494316
1745119710302636032.000000 -0.713892996 0.068494976 1.284092307 -0.004453043 0.983902276 -0.073193900 0.162969828
1745119710395250944.000000 -0.713528037 0.068411931 1.283419967 -0.004618368 0.981577575 -0.070232823 0.177627519
1745119710499319040.000000 -0.713996530 0.069077551 1.282194853 -0.003733036 0.976993084 -0.074765734 0.199701577
1745119710603656960.000000 -0.714399993 0.068702236 1.280494332 -0.004115119 0.970329881 -0.071212493 0.231023356
1745119711404406016.000000 -0.714836657 0.070202455 1.272290707 -0.001012086 0.922630787 -0.087372936 0.375655949
1745119711598766080.000000 -0.714207530 0.070114017 1.271771193 -0.000103076 0.919140458 -0.086759031 0.384257287
1745119711804314112.000000 -0.713453233 0.070010617 1.271157384 0.000084310 0.916493833 -0.086820245 0.390514165
1745119711906482944.000000 -0.713182032 0.069966927 1.270906687 0.000518570 0.915701032 -0.087149560 0.392296344
1745119712102721280.000000 -0.712593436 0.069897532 1.270418763 0.001908116 0.914594769 -0.087842107 0.394710809
1745119712699229952.000000 -0.710698187 0.069619283 1.268795729 0.004040251 0.913920224 -0.088273540 0.396158218
1745119713203148032.000000 -0.709029734 0.069434702 1.267435193 0.002416533 0.914479494 -0.085929163 0.395395517
1745119714104663040.000000 -0.706241369 0.069049940 1.265108705 0.005436577 0.913172066 -0.090482749 0.397366554
1745119714513719040.000000 -0.704834342 0.068838984 1.264081836 0.006293477 0.914004505 -0.089590482 0.395638466
1745119715310372096.000000 -0.702309549 0.068419576 1.261984587 0.006628714 0.913917005 -0.088368095 0.396109641
1745119715610950912.000000 -0.701264977 0.068290532 1.261141419 0.007011607 0.914071381 -0.088375650 0.395745039
1745119716113986304.000000 -0.699587405 0.068085745 1.259810805 0.006938549 0.913790524 -0.087654717 0.396554351
1745119716613960960.000000 -0.697952867 0.067834690 1.258496165 0.006412673 0.913300812 -0.088296503 0.397547871
1745119716912498944.000000 -0.697070420 0.067733958 1.257745743 0.007413963 0.912648082 -0.088867523 0.398899943
1745119717319348992.000000 -0.695700765 0.067596912 1.256684780 0.008372757 0.913106143 -0.090782270 0.397398740
1745119717715860992.000000 -0.694544792 0.067425027 1.255610108 0.008002299 0.911969006 -0.091166914 0.399921417
1745119717914097920.000000 -0.693784475 0.067269206 1.255025864 0.009225455 0.911741793 -0.089428283 0.400804698
1745119718318129152.000000 -0.692561150 0.067108855 1.254154801 0.009536801 0.912161767 -0.090321705 0.399639815
1745119718515335936.000000 -0.691808343 0.067030862 1.253515601 0.009462770 0.911721945 -0.091070794 0.400474310
1745119718822451968.000000 -0.690900266 0.066950515 1.252839684 0.008832277 0.913282454 -0.093184203 0.396426320
1745119719618621952.000000 -0.688382447 0.066658497 1.250725627 0.009395259 0.915039659 -0.091704413 0.392688781
1745119719827885056.000000 -0.687647700 0.066560760 1.250088930 0.009921310 0.915613353 -0.091970712 0.391273856
1745119720023944192.000000 -0.687047958 0.066469058 1.249648452 0.011384973 0.918581367 -0.093954049 0.383733481
1745119720229553920.000000 -0.686504126 0.066356838 1.249199867 0.012762350 0.920634389 -0.094693609 0.378553331
1745119721530863360.000000 -0.685780287 0.066196099 1.249883771 0.005283223 0.845001698 -0.082786500 0.528290331
1745119722128460288.000000 -0.685771823 0.066232339 1.249963403 0.001589261 0.794766128 -0.079408921 0.601696312
1745119722523619072.000000 -0.685790420 0.066321462 1.250320911 0.000120506 0.765079021 -0.078441918 0.639140785
1745119722731131136.000000 -0.685751081 0.066315293 1.250281692 -0.000793394 0.741017103 -0.076311901 0.667135417
1745119723027747072.000000 -0.685432792 0.066293977 1.250420332 -0.001695279 0.708324373 -0.075129665 0.701875508
1745119723225608960.000000 -0.684758902 0.066237897 1.250367165 -0.004925371 0.680641413 -0.070811220 0.729169905
1745119723329996032.000000 -0.684361458 0.066139229 1.250183582 -0.008559660 0.656357110 -0.067717940 0.751356363
1745119723524832000.000000 -0.683883905 0.066022895 1.249819875 -0.011649171 0.618730545 -0.065029293 0.782820523
1745119724031384320.000000 -0.681999147 0.065840632 1.248527050 -0.015631016 0.476735234 -0.051884327 0.877375245
1745119724135097344.000000 -0.681531072 0.065824017 1.248274803 -0.015161291 0.444115996 -0.050195705 0.894433618
1745119724333975040.000000 -0.680657625 0.065697521 1.248026967 -0.018795352 0.383832693 -0.046925962 0.922018051
1745119724438266880.000000 -0.680292964 0.065690100 1.248053074 -0.019524753 0.357584238 -0.044741333 0.932604134
1745119724530128128.000000 -0.680284500 0.065713264 1.248299360 -0.019330550 0.343782783 -0.043284282 0.937851906
1745119724728676352.000000 -0.680156231 0.065760471 1.248566866 -0.015612528 0.318231553 -0.042327002 0.946938932
1745119724831820288.000000 -0.680107832 0.065782912 1.248709202 -0.018246302 0.306308717 -0.040256727 0.950905561
1745119724936310016.000000 -0.679998517 0.065807350 1.248834014 -0.019332960 0.290793061 -0.038508996 0.955815196
1745119725234542080.000000 -0.679819882 0.065855466 1.249329209 -0.020524291 0.244208783 -0.034003146 0.968909025
1745119725733231360.000000 -0.679687440 0.065901354 1.250099182 -0.022833897 0.172734410 -0.027666127 0.984314978
1745119725835657984.000000 -0.679646492 0.065905683 1.250236750 -0.024664074 0.157681569 -0.025649736 0.986848652
1745119725929871360.000000 -0.679622769 0.065945506 1.250380993 -0.023168191 0.143912494 -0.024543202 0.989014685
1745119726032777984.000000 -0.679609716 0.065973938 1.250527382 -0.022790039 0.130228594 -0.023234453 0.990949690
1745119726134769920.000000 -0.679612577 0.066008396 1.250660062 -0.021880288 0.117515154 -0.022123519 0.992583513
1745119726227324928.000000 -0.679642498 0.066039093 1.250791669 -0.022119069 0.107535094 -0.021266470 0.993727684
1745119726329761024.000000 -0.679613888 0.066008575 1.250930190 -0.025866570 0.097660102 -0.020183815 0.994678855
1745119726433909248.000000 -0.679604232 0.065998778 1.251128316 -0.027897205 0.086685307 -0.019160008 0.995660722
1745119726536001280.000000 -0.679574251 0.065999851 1.251265287 -0.029001743 0.079302877 -0.017806355 0.996269524
1745119727135347200.000000 -0.679383159 0.065992758 1.252120376 -0.035160143 0.052288719 -0.016065929 0.997883558
1745119727237244160.000000 -0.679360569 0.065999456 1.252256513 -0.036226109 0.050023634 -0.016176736 0.997959733
1745119727432492288.000000 -0.679365039 0.066050857 1.252530217 -0.036174159 0.049673542 -0.015777258 0.997985542
1745119728032977152.000000 -0.679303050 0.066088513 1.253400683 -0.043172248 0.048211459 -0.016935220 0.997759998
1745119728445697024.000000 -0.679344654 0.066135615 1.253960013 -0.048782188 0.058241241 -0.018492186 0.996938467
1745119728640228352.000000 -0.679264367 0.066168748 1.254116416 -0.048481178 0.052997492 -0.018153720 0.997251868
1745119729445852160.000000 -0.679247558 0.066191673 1.254563332 -0.051684007 0.076161943 -0.019847289 0.995557249
1745119729846006272.000000 -0.679284334 0.066185579 1.254625678 -0.054779753 0.037190564 -0.014130681 0.997705579
1745119730248284160.000000 -0.679287493 0.066184685 1.254638433 -0.056338634 -0.030466706 -0.006119486 0.997928023
1745119730647258880.000000 -0.679287791 0.066186070 1.254650235 -0.058054268 -0.101564385 0.001547266 0.993132472
1745119731244937216.000000 -0.679298282 0.066188470 1.254669785 -0.061349288 -0.200830102 0.011493732 0.977635682
1745119731858117376.000000 -0.679303229 0.066189669 1.254680634 -0.064371809 -0.296432883 0.022633925 0.952612996
1745119732149177344.000000 -0.679307222 0.066190027 1.254685163 -0.066413626 -0.340441912 0.027375512 0.937517524
1745119732349834240.000000 -0.679307580 0.066189811 1.254685998 -0.066649415 -0.367175609 0.030463263 0.927260458
1745119732452757248.000000 -0.679304481 0.066189334 1.254680157 -0.065302841 -0.386860728 0.029087739 0.919362962
1745119733947620096.000000 -0.025453275 0.000369619 0.015159854 0.001314691 0.121459171 -0.007527287 0.992567003
1745119734255124992.000000 -0.025165977 -0.000636688 0.022839386 -0.000076627 0.076651916 -0.003763769 0.997050822
1745119734554859264.000000 -0.030155167 0.002373500 0.024786472 -0.000023867 0.043164875 -0.002480437 0.999064922
1745119734852914944.000000 -0.030174892 0.001910980 0.025955364 -0.000637914 0.029508006 -0.001565614 0.999563158
