1744773882027098112.000000 -0.004260218 0.002268822 0.055018105 0.000993794 -0.002315711 -0.000288583 0.999996781
1744773882121665280.000000 -0.003580153 0.003054440 0.066242293 0.001173944 -0.003146044 -0.000299980 0.999994338
1744773882229566976.000000 -0.004171867 0.004191083 0.077351019 0.001943983 -0.003608230 -0.000363495 0.999991536
1744773882323281152.000000 -0.004493119 0.006911639 0.091712296 0.003383131 -0.003865043 -0.000167426 0.999986827
1744773882456958976.000000 -0.002379418 0.007473197 0.102366589 0.003952771 -0.006266064 -0.000151299 0.999972522
1744773882561029120.000000 -0.001183134 0.009470327 0.122538343 0.013620078 -0.007403973 0.000512932 0.999879718
1744773882643627264.000000 -0.007666986 0.008404515 0.125976220 0.010756009 -0.004679133 -0.000475738 0.999931097
1744773882758724096.000000 -0.006870446 0.011716212 0.141680762 0.010806601 -0.005733288 -0.000941548 0.999924779
1744773882862657024.000000 -0.003772201 0.012373213 0.152447239 0.010086035 -0.008588914 -0.000592446 0.999912083
1744773882945875200.000000 -0.005580482 0.013494385 0.165943012 0.010247342 -0.008438593 -0.000988194 0.999911427
1744773883052041984.000000 -0.005326604 0.016168380 0.180704236 0.011255750 -0.009376111 -0.000370707 0.999892652
1744773883156612096.000000 -0.002433192 0.015092924 0.190857425 0.010247030 -0.012230239 0.000249116 0.999872684
1744773883249728256.000000 -0.003916143 0.016419852 0.202244431 0.011119788 -0.011674745 0.000506230 0.999869883
1744773883359553024.000000 -0.008667535 0.017916884 0.210222363 0.012194151 -0.008799455 0.000429911 0.999886870
1744773883461978112.000000 -0.009055273 0.017268959 0.224617124 0.011942089 -0.008701555 0.001130533 0.999890208
1744773883554330112.000000 -0.008992546 0.017333472 0.237860560 0.012704222 -0.009395691 0.002036944 0.999873102
1744773883666910208.000000 -0.008931405 0.020094648 0.248636439 0.014832958 -0.009876010 0.002327912 0.999838591
1744773883761209344.000000 -0.011142040 0.021814937 0.263072014 0.015938889 -0.008474582 0.002631113 0.999833643
1744773883856421120.000000 -0.009352317 0.019823320 0.274250656 0.013740086 -0.010102838 0.002720230 0.999850869
1744773883960218112.000000 -0.011175202 0.019064946 0.285481989 0.013121400 -0.009131938 0.002731803 0.999868512
1744773884054752000.000000 -0.010058395 0.018876662 0.296984583 0.012238249 -0.010491820 0.002748822 0.999866307
1744773884158098944.000000 -0.014163643 0.023395494 0.313415885 0.015733503 -0.008364618 0.002900163 0.999837041
1744773884262027008.000000 -0.011821187 0.021551445 0.321645498 0.014831939 -0.010147783 0.003216773 0.999833345
1744773884364572928.000000 -0.011869084 0.021748533 0.332331538 0.014703993 -0.010091870 0.002954596 0.999836624
1744773884460207104.000000 -0.012005819 0.020944411 0.343877077 0.014044425 -0.010170143 0.003057136 0.999845028
1744773884552116992.000000 -0.013584372 0.022116538 0.354654133 0.014679382 -0.009742050 0.003138828 0.999839902
1744773884654300928.000000 -0.014458216 0.021961100 0.365462363 0.014872961 -0.009431628 0.003260695 0.999839604
1744773884759222016.000000 -0.014710324 0.021608265 0.382906139 0.014383625 -0.010302210 0.002889738 0.999839306
1744773884863905280.000000 -0.016821790 0.023641339 0.393330187 0.016293636 -0.009561040 0.003122983 0.999816656
1744773884958142976.000000 -0.016325649 0.026491616 0.404626876 0.018932173 -0.010604430 0.003216271 0.999759376
1744773885086920960.000000 -0.016615637 0.024952298 0.414913088 0.016493708 -0.011641840 0.004005798 0.999788165
1744773885158604032.000000 -0.019443588 0.025366474 0.426508695 0.016776454 -0.009778628 0.003569682 0.999805093
1744773885251944960.000000 -0.020593118 0.027312869 0.437226564 0.018896967 -0.009509408 0.003689940 0.999769449
1744773885357542144.000000 -0.022015797 0.029153997 0.454110235 0.020389767 -0.009594698 0.003487920 0.999740005
1744773885460498176.000000 -0.021271363 0.029808059 0.465103328 0.020978432 -0.011030884 0.003070462 0.999714434
1744773885564718336.000000 -0.022197315 0.031779524 0.476037949 0.022066306 -0.010355265 0.002722321 0.999699175
1744773885658683904.000000 -0.023808960 0.032397576 0.486881614 0.023211019 -0.009084390 0.002694636 0.999685705
1744773885752806912.000000 -0.024324121 0.034566518 0.497852683 0.025511911 -0.009496054 0.002891464 0.999625266
1744773885855910912.000000 -0.026082458 0.034358200 0.508361876 0.025063718 -0.008255157 0.002444366 0.999648809
1744773885979078144.000000 -0.025362426 0.036895964 0.519825220 0.027713247 -0.010229903 0.003001114 0.999559104
1744773886060403968.000000 -0.027567308 0.039155610 0.535893440 0.030867852 -0.009136583 0.003362376 0.999476075
1744773886164098304.000000 -0.029604953 0.039205089 0.547004402 0.030790897 -0.008162253 0.004308935 0.999483228
1744773886257922048.000000 -0.030583534 0.039572366 0.559443355 0.031127939 -0.007539780 0.003977878 0.999479055
1744773886364978176.000000 -0.030335236 0.041905899 0.569759727 0.035999928 -0.007241820 0.003793178 0.999318361
1744773886470274304.000000 -0.029154800 0.042603374 0.580918133 0.036609907 -0.009258683 0.004778137 0.999275386
1744773886578132224.000000 -0.030489665 0.042285629 0.598235130 0.036880281 -0.007731894 0.004132269 0.999281228
1744773886671745024.000000 -0.031692803 0.042282388 0.609234929 0.038168810 -0.006136647 0.004688838 0.999241531
1744773886798483968.000000 -0.036236055 0.039921541 0.620453715 0.035200316 0.000134434 0.004263362 0.999371231
1744773886870266112.000000 -0.037144616 0.038490325 0.631389976 0.033627722 0.000945460 0.004168051 0.999425292
1744773886973267200.000000 -0.038478974 0.036774799 0.641572833 0.030905614 0.002343194 0.003461455 0.999513626
1744773887078053120.000000 -0.037227005 0.041183945 0.651893437 0.038182471 -0.000107743 0.003984525 0.999262869
1744773887170504192.000000 -0.041095667 0.033857662 0.655738592 0.025635749 0.027975570 0.001695115 0.999278426
1744773887264854272.000000 -0.026198873 0.034823939 0.655986786 0.027406221 0.015920307 0.000628225 0.999497473
1744773887374120960.000000 -0.025638210 0.036330834 0.656410277 0.030105757 0.026289815 0.000166301 0.999200881
1744773887501206272.000000 -0.024126042 0.036512885 0.656228662 0.030157104 0.036806908 -0.000068850 0.998867273
1744773887615384064.000000 -0.025665920 0.036320962 0.656136334 0.029791337 0.053079318 -0.000063468 0.998145819
1744773887740269312.000000 -0.023199013 0.035305962 0.655570447 0.027824594 0.060767855 -0.000668336 0.997763813
1744773887827044352.000000 -0.023599723 0.035063259 0.654860497 0.026806396 0.083033361 -0.000838183 0.996185839
1744773887920104960.000000 -0.023922509 0.035369858 0.655506849 0.027597805 0.103317656 -0.002314616 0.994262815
1744773888013894912.000000 -0.022874113 0.035259057 0.655996859 0.027409960 0.114632249 -0.002579251 0.993026435
1744773888116845056.000000 -0.022565756 0.035188347 0.655815065 0.027203826 0.127142712 -0.003023651 0.991506755
1744773888220797184.000000 -0.021862816 0.038368460 0.656602681 0.031958304 0.139432281 -0.004040478 0.989707530
1744773888312707072.000000 -0.017539293 0.036967784 0.655152619 0.028991938 0.145549461 -0.004516091 0.988915801
1744773888416018944.000000 -0.016844142 0.035546422 0.655297935 0.026451357 0.164882854 -0.004451071 0.985948384
1744773888530935040.000000 -0.014022664 0.038057141 0.654631376 0.030441841 0.174213096 -0.006259866 0.984217405
1744773888614924288.000000 -0.014271908 0.038933672 0.654781044 0.031932548 0.187377185 -0.006912920 0.981744528
1744773888740220160.000000 -0.013618359 0.038104169 0.654633820 0.030374479 0.199016497 -0.006807744 0.979501665
1744773888845144320.000000 -0.009774515 0.037120163 0.652967036 0.028148968 0.206075385 -0.008216323 0.978096724
1744773888970160896.000000 -0.009082422 0.038074773 0.653386950 0.030119091 0.217972770 -0.008187464 0.975455642
1744773889043260928.000000 -0.008563764 0.038435392 0.653858602 0.029752733 0.237094909 -0.009333679 0.970985949
1744773889137528064.000000 -0.006580960 0.036601670 0.652133346 0.026395697 0.246475086 -0.010134708 0.968736649
1744773889244241920.000000 -0.005015206 0.037719082 0.651024461 0.028242953 0.256559551 -0.010262527 0.966061175
1744773889381160960.000000 -0.004104879 0.037356164 0.652457118 0.027454304 0.276051104 -0.011379257 0.960683405
1744773889454952960.000000 -0.003306791 0.036716685 0.651390910 0.026394648 0.287284940 -0.012208936 0.957403600
1744773889548664064.000000 -0.001682833 0.036657229 0.650122166 0.026009964 0.296248466 -0.012400974 0.954676151
1744773889652950016.000000 0.000422619 0.037504189 0.647957265 0.027373781 0.304024875 -0.012264058 0.952191770
1744773889757822976.000000 0.001415476 0.037497919 0.647450447 0.027639266 0.313657105 -0.012394584 0.949053049
1744773889850437120.000000 0.001808576 0.037423287 0.648146510 0.027149685 0.332064420 -0.014652189 0.942752123
1744773889955105024.000000 0.005632341 0.035575669 0.646543384 0.025855757 0.338505059 -0.016988929 0.940455854
1744773890057213184.000000 0.011032656 0.035533816 0.648576558 0.026301214 0.353476614 -0.017576525 0.934908330
1744773890152133888.000000 0.016801156 0.031459071 0.661047459 0.018024452 0.374055207 -0.019839263 0.927019000
1744773890266368256.000000 0.025773205 0.034963857 0.664950788 0.025057815 0.381437868 -0.018231012 0.923874974
1744773890360584960.000000 0.033017896 0.033861011 0.672149420 0.022759467 0.394717515 -0.019397762 0.918315768
1744773890454458112.000000 0.048990197 0.035453841 0.681770146 0.026595209 0.406716466 -0.018995486 0.912969708
1744773890558046208.000000 0.057417318 0.034842528 0.687720954 0.025659254 0.417775422 -0.020910528 0.907947242
1744773890654329344.000000 0.066683434 0.034875236 0.694491565 0.026505660 0.428684473 -0.021225806 0.902815878
1744773890757825024.000000 0.075634934 0.035024174 0.699814916 0.027177520 0.439790159 -0.021775542 0.897425175
1744773890853739008.000000 0.083908200 0.034989372 0.704096198 0.027051784 0.450294137 -0.023017228 0.892173529
1744773890946119936.000000 0.093632981 0.034658626 0.709262252 0.026549496 0.461078644 -0.022968801 0.886664569
1744773891059303936.000000 0.109651163 0.034676097 0.719498038 0.025835060 0.478837788 -0.024093499 0.877192378
1744773891153605888.000000 0.121106043 0.034472011 0.726662219 0.025440782 0.491207451 -0.025239086 0.870305181
1744773891257128960.000000 0.126540959 0.035060667 0.725899875 0.025763892 0.501312315 -0.027700609 0.864439130
1744773891351249920.000000 0.137972340 0.033594348 0.732607901 0.026448809 0.512806356 -0.027853215 0.857644677
1744773891453874176.000000 0.140813857 0.033110842 0.735914767 0.028213888 0.525428653 -0.029037192 0.849873960
1744773891568517120.000000 0.152531847 0.032041997 0.734436989 0.028180994 0.532377124 -0.028633961 0.845553398
1744773891650447104.000000 0.167716309 0.033135869 0.740166903 0.029477680 0.548860312 -0.030896809 0.834822655
1744773891756537088.000000 0.173459738 0.031356882 0.743643165 0.028016061 0.560381353 -0.030399727 0.827202380
1744773891871589888.000000 0.182754010 0.031614214 0.746438742 0.026759908 0.570499003 -0.030213831 0.820305943
1744773891963824384.000000 0.189962596 0.032326374 0.752209783 0.026784109 0.582508504 -0.030162174 0.811823189
1744773892056185344.000000 0.198933035 0.032639343 0.754121661 0.026105966 0.592527330 -0.030059468 0.804565966
1744773892158655232.000000 0.211372584 0.031366635 0.760896206 0.025617398 0.609181881 -0.029126985 0.792081296
1744773892261285376.000000 0.223341823 0.030951176 0.765779495 0.025712656 0.619660616 -0.029166289 0.783906162
1744773892364633088.000000 0.230758071 0.030452579 0.770462155 0.024498319 0.631054163 -0.028477866 0.774828672
1744773892469896192.000000 0.241644204 0.030493505 0.771181107 0.024463799 0.639633596 -0.026308369 0.767840028
1744773892557398016.000000 0.251214594 0.031401288 0.773944378 0.023235340 0.648844838 -0.027205402 0.760079265
1744773892661419264.000000 0.258575767 0.029471416 0.773480535 0.022934439 0.661090016 -0.026996346 0.749469995
1744773892776091136.000000 0.269032627 0.029503182 0.773173928 0.021108393 0.670405686 -0.029570142 0.741104841
1744773892871415040.000000 0.278672904 0.029315099 0.773809910 0.021197109 0.679497004 -0.030453002 0.732739568
1744773892973808384.000000 0.293086201 0.029439963 0.773223639 0.021097625 0.692438722 -0.030555403 0.720520616
1744773893068686336.000000 0.302425832 0.029776379 0.772453129 0.021293340 0.701512396 -0.030634973 0.711680055
1744773893163299072.000000 0.311769575 0.029494520 0.771970034 0.021768607 0.711271822 -0.031210706 0.701886415
1744773893257766912.000000 0.320850313 0.029967222 0.771122754 0.022224447 0.720153868 -0.031673692 0.692734718
1744773893361704192.000000 0.329978645 0.030219510 0.770886302 0.022955900 0.730534196 -0.033258136 0.681679368
1744773893468463104.000000 0.343756974 0.031099375 0.769103289 0.023589592 0.744394243 -0.035226427 0.666393220
1744773893571399936.000000 0.353595436 0.031305768 0.769692898 0.022097446 0.754060268 -0.036232587 0.655432701
1744773893669114112.000000 0.364114821 0.031394415 0.767983615 0.022805411 0.761858940 -0.037237313 0.646269560
1744773893763565056.000000 0.371676207 0.033144020 0.767340720 0.024671650 0.767346680 -0.040078152 0.639503062
1744773893870512896.000000 0.381956816 0.033717353 0.766441464 0.024945928 0.773599803 -0.040272869 0.631901324
1744773893963822080.000000 0.389724433 0.032204721 0.763920784 0.025345525 0.777360022 -0.037531152 0.627423704
1744773894071027968.000000 0.404845059 0.030719154 0.756666839 0.025334755 0.780167222 -0.038031712 0.623899758
1744773894174128896.000000 0.414345026 0.031364385 0.752860129 0.025389932 0.781786263 -0.039998997 0.621744156
1744773894276745984.000000 0.422275603 0.027636860 0.752786219 0.024481134 0.785213709 -0.036382489 0.617670238
1744773894370607104.000000 0.431647480 0.026694734 0.754040122 0.023866838 0.789117873 -0.036666311 0.612681746
1744773894487715328.000000 0.441074431 0.029215284 0.749123812 0.025632182 0.789102554 -0.039730426 0.612439096
1744773894580049152.000000 0.449616849 0.028801084 0.748033166 0.026018621 0.790594161 -0.040081769 0.610473156
1744773894672421120.000000 0.463251352 0.028242826 0.743859410 0.025518782 0.792062819 -0.041293450 0.608506560
1744773894776859136.000000 0.472417831 0.028656762 0.742558718 0.024798730 0.792996466 -0.041748237 0.607288122
1744773894874237184.000000 0.481763601 0.028102431 0.740435779 0.023823839 0.793578982 -0.041802421 0.606562018
1744773894979578880.000000 0.489860773 0.026879061 0.738952994 0.023854744 0.794790328 -0.041467555 0.604995608
1744773895083918080.000000 0.498749495 0.026746012 0.736539721 0.024527993 0.794586122 -0.041332625 0.605246186
1744773895176716032.000000 0.507619739 0.026485767 0.734427691 0.024389798 0.795558810 -0.041334078 0.603972554
1744773895271822336.000000 0.521173835 0.026026472 0.731362224 0.024464013 0.796852887 -0.041138250 0.602274537
1744773895386144256.000000 0.530278265 0.024997424 0.728235543 0.024635173 0.796998084 -0.040928569 0.602089703
1744773895488455168.000000 0.539016902 0.024569206 0.726567745 0.025330987 0.798640966 -0.040864751 0.599884212
1744773895571500032.000000 0.547778964 0.024316832 0.724691272 0.025714183 0.799573541 -0.042162966 0.598534226
1744773895674370048.000000 0.556415021 0.023196496 0.721754432 0.025775978 0.800268710 -0.041340139 0.597659230
1744773895788642048.000000 0.568728983 0.022789985 0.718848586 0.026226060 0.801609874 -0.042030595 0.595791280
1744773895883087104.000000 0.575164199 0.014413644 0.723163009 0.025410064 0.797109604 -0.024004217 0.602822006
1744773895979813376.000000 0.576370120 0.021988958 0.716754675 0.026520368 0.789120436 -0.040496506 0.612328112
1744773896085864960.000000 0.576768637 0.021117825 0.718637109 0.026769252 0.782145917 -0.037819117 0.621370196
1744773896198675200.000000 0.577123880 0.020682368 0.717800975 0.026467813 0.773601592 -0.036622100 0.632059216
1744773896274081280.000000 0.576720476 0.021699499 0.717556775 0.027676685 0.763934255 -0.037480436 0.643609941
1744773896378655232.000000 0.576524973 0.024154685 0.714581788 0.027837062 0.747338295 -0.041206893 0.662580311
1744773896481702144.000000 0.577458382 0.024307396 0.716900587 0.027862836 0.740083992 -0.040362805 0.670723677
1744773896575098368.000000 0.578976989 0.024837732 0.723197639 0.028860953 0.735540926 -0.039937969 0.675686002
1744773896678023168.000000 0.580360532 0.024373900 0.726022959 0.029275877 0.728546143 -0.037933938 0.683318734
1744773896770596352.000000 0.580739617 0.022276323 0.728344977 0.028418215 0.720318794 -0.034896355 0.692181706
1744773896872845056.000000 0.582010806 0.022532009 0.731362879 0.028844554 0.713125229 -0.034511458 0.699592292
1744773896975542016.000000 0.581797898 0.023858868 0.730016232 0.029072702 0.701804161 -0.036269378 0.710851848
1744773897081598976.000000 0.581191242 0.023566213 0.731841266 0.028996833 0.687985301 -0.035071332 0.724296510
1744773897176090368.000000 0.582234204 0.022420205 0.735017955 0.028101871 0.680438221 -0.033537406 0.731498063
1744773897281880064.000000 0.582164347 0.023088489 0.736822724 0.029152727 0.671961904 -0.033894941 0.739235103
1744773897375557888.000000 0.582896709 0.023967616 0.736698449 0.028363565 0.660560966 -0.035033051 0.749418020
1744773897479157248.000000 0.583303452 0.022721864 0.736888766 0.026495786 0.650038838 -0.034486197 0.758655608
1744773897586026240.000000 0.584931910 0.022993132 0.733839214 0.027331969 0.635061681 -0.034965962 0.771185458
1744773897679825920.000000 0.589551687 0.024459582 0.726823330 0.031437956 0.607122123 -0.038512368 0.793051839
1744773897782693120.000000 0.587431729 0.025916681 0.738138556 0.033760510 0.608765125 -0.039547388 0.791644633
1744773897888390144.000000 0.588427424 0.024430800 0.734568417 0.031254027 0.594627202 -0.036863074 0.802547812
1744773897974082304.000000 0.588898659 0.024449904 0.733431280 0.030359847 0.581895351 -0.037360020 0.811837614
1744773898077124096.000000 0.590672374 0.024662826 0.730262816 0.030919570 0.565654457 -0.035799917 0.823284566
1744773898180524032.000000 0.593167782 0.024748757 0.726857901 0.030267758 0.544094086 -0.036994398 0.837661624
1744773898274646016.000000 0.593019724 0.024684783 0.727811456 0.029756952 0.532767355 -0.036790058 0.844937861
1744773898381479936.000000 0.592535377 0.023335498 0.730989933 0.028548161 0.524071932 -0.033849318 0.850522161
1744773898486848000.000000 0.593765736 0.023776535 0.731117368 0.028192658 0.510617733 -0.034693334 0.858645022
1744773898580081920.000000 0.594913363 0.024666324 0.731200337 0.028791107 0.497824043 -0.035327706 0.866079867
1744773898677832960.000000 0.595781147 0.024488058 0.731432557 0.028140055 0.485071510 -0.035159402 0.873314142
1744773898794831360.000000 0.596857727 0.025207791 0.731101990 0.028830929 0.471304208 -0.034439392 0.880826414
1744773898890979328.000000 0.599421978 0.025678877 0.730257511 0.029014057 0.449272752 -0.034484088 0.892257273
1744773898983726336.000000 0.600072622 0.025718652 0.730302930 0.029264217 0.436645031 -0.033632953 0.898528576
1744773899080154880.000000 0.601453185 0.025745954 0.730691016 0.029017486 0.422607988 -0.033557985 0.905226171
1744773899183057152.000000 0.599089086 0.024973318 0.732935309 0.027792370 0.413935393 -0.032738395 0.909292758
1744773899287482368.000000 0.598749161 0.025598772 0.733750224 0.028529195 0.401620567 -0.032546904 0.914782941
1744773899390825984.000000 0.596608043 0.025400775 0.736461997 0.027855679 0.385781825 -0.032027278 0.921613097
1744773899504855040.000000 0.594435751 0.023661854 0.737375498 0.027703246 0.373961031 -0.029364804 0.926565409
1744773899619284992.000000 0.596269488 0.025280567 0.745135427 0.027627764 0.356530309 -0.030442860 0.933378875
1744773899701497088.000000 0.603071213 0.024658808 0.754190743 0.026410718 0.339810133 -0.028531162 0.939690173
1744773899796060160.000000 0.606625676 0.024251504 0.762194335 0.026417598 0.327702910 -0.027116358 0.944022119
1744773899899641344.000000 0.614019990 0.024968179 0.775650382 0.026288409 0.308483720 -0.027998839 0.950453997
1744773899996931072.000000 0.616570175 0.023614144 0.783341646 0.026961623 0.296279907 -0.026788386 0.954344690
1744773900120087040.000000 0.619603932 0.023699939 0.791919291 0.027566077 0.283626467 -0.026655914 0.958167851
1744773900207308032.000000 0.620257497 0.024266586 0.799685359 0.026735863 0.272733718 -0.026165217 0.961362004
1744773900302245120.000000 0.624714315 0.023925744 0.809005380 0.025376333 0.258969426 -0.024394143 0.965243936
1744773900395059968.000000 0.628310144 0.023956137 0.822531223 0.025885912 0.239858225 -0.023357559 0.970181704
1744773900497571328.000000 0.629072249 0.023399023 0.830951869 0.026011832 0.227169201 -0.019874666 0.973305047
1744773900600421120.000000 0.631474435 0.023884829 0.839349270 0.024943408 0.213515490 -0.020632116 0.976403236
1744773900702490368.000000 0.633371592 0.023862073 0.847658753 0.024681747 0.200082645 -0.019487616 0.979274213
1744773900807099136.000000 0.637343466 0.024212405 0.855584085 0.024901174 0.184431180 -0.018990789 0.982346416
1744773900931884032.000000 0.639046133 0.024860512 0.862576962 0.025362439 0.170200780 -0.019522501 0.984889507
1744773901048816128.000000 0.643734276 0.025356531 0.873091161 0.025941968 0.154577762 -0.019300478 0.987451434
1744773901135646208.000000 0.640764952 0.025983565 0.884436727 0.025534613 0.137997672 -0.018254781 0.989935040
1744773901248837120.000000 0.643000960 0.026507569 0.892825663 0.026455861 0.123258784 -0.018184813 0.991855145
1744773901340928000.000000 0.643932998 0.024724554 0.900444925 0.024408979 0.109230928 -0.017200446 0.993567824
1744773901423623168.000000 0.647562563 0.025466654 0.913623989 0.025106175 0.085512638 -0.016999278 0.995875657
1744773901521473280.000000 0.645299494 0.024759710 0.921376407 0.023643956 0.073948175 -0.016648520 0.996842802
1744773901627567360.000000 0.645189583 0.026317790 0.929794788 0.023978250 0.060519405 -0.016376417 0.997744620
1744773901720195328.000000 0.642321706 0.026219454 0.939173281 0.023410162 0.048911713 -0.016647087 0.998389959
1744773901823625984.000000 0.644459665 0.025621677 0.946563125 0.022223754 0.032212105 -0.015588044 0.999112368
1744773901915563008.000000 0.647369564 0.025040209 0.955513954 0.021513712 0.014940042 -0.014495620 0.999551833
1744773902029277184.000000 0.649596512 0.024564564 0.968476832 0.019941643 -0.009341612 -0.012423060 0.999680340
1744773902121202944.000000 0.644405782 0.027168468 0.974613726 0.021060079 -0.020031059 -0.013082412 0.999491930
1744773902534179328.000000 0.641651213 0.028108191 1.006289840 0.021118732 -0.080396608 -0.012497308 0.996460855
1744773903122180096.000000 0.634713411 0.022595087 1.055591345 0.013047446 -0.164852709 -0.012302115 0.986155152
1744773903237252352.000000 0.631530523 0.021165302 1.062565923 0.010600924 -0.169387341 -0.012816736 0.985409260
1744773903364163072.000000 0.626297832 0.019808978 1.068881989 0.007778468 -0.171608716 -0.013938696 0.985035956
1744773903467760384.000000 0.619792163 0.020695295 1.079321027 0.008421257 -0.175449595 -0.013613346 0.984358251
1744773903583968256.000000 0.619099140 0.019696593 1.088692069 0.006425599 -0.183540493 -0.013261492 0.982901692
1744773903680123136.000000 0.611282825 0.019466545 1.097228527 0.004559648 -0.183364555 -0.013023346 0.982948184
1744773903766791168.000000 0.604904056 0.019339157 1.103063583 0.004727972 -0.180896208 -0.011501837 0.983423591
1744773903892240896.000000 0.604263604 0.021100551 1.111372709 0.006174917 -0.187582910 -0.014144223 0.982127547
1744773903974356224.000000 0.601261318 0.021356398 1.117911816 0.006373966 -0.188711539 -0.014265748 0.981908262
1744773904077208320.000000 0.593241334 0.020621618 1.128735900 0.004137596 -0.187373728 -0.015706785 0.982154429
1744773904170708224.000000 0.589072347 0.020537950 1.135251880 0.003849991 -0.187331900 -0.015178027 0.982171953
1744773904274006016.000000 0.582778037 0.020442581 1.142338872 0.003405433 -0.184953615 -0.015395432 0.982620776
1744773904376447232.000000 0.581712842 0.020796742 1.149941444 0.004049025 -0.188735083 -0.015015365 0.981904924
1744773904480239104.000000 0.579452395 0.021269444 1.159318328 0.004321947 -0.192316085 -0.015874704 0.981195152
1744773904585381888.000000 0.575771928 0.022834305 1.166435838 0.006122018 -0.192396194 -0.015983399 0.981168091
1744773904687930112.000000 0.571194291 0.022998337 1.172629237 0.005234275 -0.189072475 -0.016488591 0.981810808
1744773904782179072.000000 0.566911578 0.022800509 1.179756284 0.004651959 -0.187086925 -0.017844141 0.982170343
1744773904876219136.000000 0.563105106 0.022489719 1.186545730 0.002547214 -0.185972109 -0.018377883 0.982379854
1744773904980576000.000000 0.562765777 0.022471577 1.192152977 0.001951974 -0.189055637 -0.017930362 0.981800735
1744773905086490880.000000 0.555280387 0.022502180 1.192795873 -0.002126011 -0.192164168 -0.015784808 0.981233537
1744773905179298048.000000 0.555562079 0.022492385 1.192664385 -0.001290690 -0.208668500 -0.013768456 0.977888644
1744773905282342912.000000 0.555316687 0.022588292 1.194009781 -0.001836145 -0.222672567 -0.012284109 0.974814236
1744773905375703040.000000 0.555608869 0.022602301 1.195318818 -0.003095616 -0.239091218 -0.010904342 0.970930994
1744773905491024128.000000 0.552466035 0.022861004 1.192600846 -0.002506798 -0.245895594 -0.010468877 0.969236553
1744773905604322304.000000 0.552968085 0.022472449 1.192517996 -0.003694335 -0.261621833 -0.009946973 0.965112209
1744773905677711360.000000 0.552659631 0.022815557 1.192378640 -0.003543645 -0.275616348 -0.008636058 0.961222470
1744773905782257152.000000 0.551882029 0.022554176 1.192034125 -0.004254009 -0.295310110 -0.008063260 0.955357969
1744773905885656064.000000 0.551251948 0.022769380 1.191802382 -0.004152209 -0.308818966 -0.007170022 0.951084793
1744773905977344000.000000 0.550577521 0.022469025 1.190966249 -0.004632939 -0.321662486 -0.005389186 0.946827769
1744773906080503296.000000 0.551933527 0.022999341 1.192204952 -0.004557638 -0.338811278 -0.004661394 0.940831840
1744773906182816000.000000 0.549806595 0.022821750 1.190399289 -0.005272416 -0.347623259 -0.004737617 0.937607527
1744773906285851904.000000 0.550558567 0.022517025 1.190198779 -0.006544529 -0.369934469 -0.003687182 0.929027557
1744773906390941184.000000 0.549382925 0.022763807 1.189677000 -0.006766854 -0.381175458 -0.002442730 0.924474776
1744773906494618112.000000 0.545117497 0.023497995 1.186245084 -0.005686970 -0.384372562 -0.001744301 0.923158884
1744773906591678208.000000 0.545368850 0.023507154 1.186448693 -0.006313665 -0.398464352 -0.000609979 0.917161882
1744773906677410048.000000 0.545485735 0.023394542 1.186699867 -0.006905783 -0.411998630 -0.000623588 0.911158085
1744773906781334272.000000 0.545466900 0.023559269 1.187021494 -0.007351772 -0.424810857 0.001243005 0.905251443
1744773906884752896.000000 0.544719696 0.023134898 1.188674808 -0.005317207 -0.454618514 -0.000958885 0.890669882
1744773906977449216.000000 0.539542735 0.023265442 1.191242218 -0.004778847 -0.469483882 -0.000236103 0.882928133
1744773907082163968.000000 0.542134047 0.023258679 1.189622521 -0.005432488 -0.478601277 -0.000511310 0.878015399
1744773907188133120.000000 0.541539311 0.023885150 1.188182354 -0.002661540 -0.485368580 0.000187109 0.874305606
1744773907304965376.000000 0.539373577 0.023893580 1.188741922 -0.004715648 -0.496524334 0.002595574 0.868006170
1744773907376805376.000000 0.537472665 0.024313029 1.189479947 -0.002480508 -0.508827984 0.002758139 0.860860348
1744773907490340352.000000 0.536300480 0.024239002 1.189857125 -0.005626932 -0.520954669 0.004631114 0.853553295
1744773907595518976.000000 0.535452664 0.023869667 1.191156507 -0.006659211 -0.540965557 0.004001503 0.841008902
1744773907681025024.000000 0.534228683 0.024018122 1.191375017 -0.007030841 -0.552168667 0.004970950 0.833687961
1744773907784569344.000000 0.532989323 0.024245650 1.191597700 -0.007094140 -0.563598335 0.005695166 0.825998962
1744773907888542208.000000 0.531079829 0.024430212 1.191693306 -0.006490218 -0.573557198 0.006053995 0.819117486
1744773907995965952.000000 0.530302525 0.024330225 1.192036748 -0.007870132 -0.585780978 0.007994764 0.810391784
1744773908088135936.000000 0.529067576 0.024185553 1.192281365 -0.011141484 -0.597912490 0.010938605 0.801409364
1744773908192765952.000000 0.526995420 0.024301171 1.192191958 -0.010942041 -0.613195837 0.010943056 0.789779365
1744773908285701888.000000 0.525550663 0.024365308 1.192369223 -0.011541836 -0.624668360 0.012211923 0.780709386
1744773908388569088.000000 0.524051785 0.024186276 1.192605376 -0.013155186 -0.636365175 0.014081836 0.771147251
1744773908492481280.000000 0.522742867 0.024618870 1.192673445 -0.010272321 -0.646393061 0.014185460 0.762803614
1744773908584112128.000000 0.521355867 0.024623539 1.192905426 -0.012645205 -0.657004297 0.014144392 0.753648102
1744773908698068224.000000 0.519794822 0.024681825 1.193308473 -0.011628932 -0.668875754 0.016315782 0.743104219
1744773908791936256.000000 0.519137263 0.024895718 1.191765070 -0.009738962 -0.673539758 0.017683517 0.738875270
1744773908885093120.000000 0.517272353 0.024967887 1.191553831 -0.013164512 -0.686617196 0.016090441 0.726721942
1744773909010249984.000000 0.515845418 0.025134584 1.191551924 -0.014888175 -0.697051346 0.017225174 0.716659725
1744773909093126144.000000 0.514165878 0.025299327 1.191546321 -0.015000197 -0.707466125 0.017816801 0.706363440
1744773909187261184.000000 0.513136029 0.025132241 1.190762520 -0.016113415 -0.714889884 0.017902570 0.698822200
1744773909291293184.000000 0.511991739 0.025104210 1.190420151 -0.017467095 -0.723864436 0.020433264 0.689418435
1744773909396418048.000000 0.510189176 0.025237644 1.189740419 -0.018401589 -0.737239718 0.020109328 0.675081193
1744773909503225088.000000 0.508720279 0.025088385 1.189450383 -0.021835368 -0.746580184 0.021389429 0.664592981
1744773909585844992.000000 0.507618308 0.025383838 1.188926101 -0.019456862 -0.754778743 0.021493448 0.655338466
1744773909690364160.000000 0.506330371 0.025391433 1.188420534 -0.020319298 -0.763103724 0.022041742 0.645580351
1744773909804678912.000000 0.505207539 0.025444593 1.187924623 -0.020388322 -0.771012604 0.023933411 0.636043370
1744773909898198016.000000 0.503894210 0.025449697 1.187436938 -0.020567706 -0.779978216 0.023741072 0.625017941
1744773909993381376.000000 0.502271056 0.025599808 1.186565757 -0.020042405 -0.790984929 0.025905102 0.610958338
1744773910088808960.000000 0.501292229 0.025620230 1.186163902 -0.019586606 -0.796930492 0.026179852 0.603185594
1744773910192746240.000000 0.499965906 0.025659222 1.185597062 -0.020072553 -0.801955700 0.027227279 0.596425056
1744773910297140992.000000 0.499047279 0.025633197 1.185168266 -0.020542162 -0.805784345 0.026943751 0.591239154
1744773910403001344.000000 0.497858882 0.025665540 1.184641123 -0.020817408 -0.808765709 0.027830275 0.587103248
1744773910506136064.000000 0.496160626 0.025677558 1.183871388 -0.020053379 -0.812218308 0.027969386 0.582337618
1744773910591026944.000000 0.494948030 0.025725946 1.183415890 -0.019820023 -0.814339161 0.029527077 0.579298794
1744773910716125952.000000 0.493972898 0.025727846 1.182968497 -0.020226384 -0.816084027 0.029719284 0.576814055
1744773910799262976.000000 0.492734909 0.025829326 1.182431459 -0.020208605 -0.817636073 0.029633261 0.574617088
1744773910901817088.000000 0.491621494 0.025969528 1.181845903 -0.020772271 -0.818873227 0.029968802 0.572815120
1744773910995773184.000000 0.490582108 0.026169345 1.181386232 -0.023015462 -0.820678055 0.030528199 0.570110500
1744773911098777344.000000 0.488758922 0.026016153 1.180653334 -0.024499180 -0.821427524 0.029248819 0.569035232
1744773911204357120.000000 0.487694025 0.025781378 1.180177808 -0.025012830 -0.822008133 0.029037286 0.568184733
1744773911307163904.000000 0.486709833 0.025840767 1.179690480 -0.024928888 -0.822659850 0.030249346 0.567181051
1744773911401335296.000000 0.485510707 0.026097834 1.179175973 -0.024655566 -0.822964251 0.031080849 0.566706300
1744773911525808384.000000 0.484461784 0.026123203 1.178694487 -0.024889518 -0.823194623 0.030999703 0.566365838
1744773911612750336.000000 0.483362913 0.026142932 1.178185105 -0.024912452 -0.823795736 0.031834394 0.565443695
1744773911694280192.000000 0.481707215 0.026072603 1.177428007 -0.025664749 -0.823852956 0.031384263 0.565351844
1744773911810284032.000000 0.480580211 0.026095036 1.176856518 -0.025130354 -0.823340237 0.031876124 0.566094697
1744773911906672896.000000 0.479622841 0.026101939 1.176410317 -0.024888597 -0.822937846 0.031743739 0.566697717
1744773912010477056.000000 0.478461623 0.026082598 1.175923824 -0.024458027 -0.822757363 0.031338193 0.567001104
1744773912102692096.000000 0.477318764 0.026105680 1.175384283 -0.024211643 -0.822055340 0.031145215 0.568039358
1744773912208327168.000000 0.475567698 0.026159685 1.174559832 -0.023172759 -0.821629107 0.030957332 0.568709314
1744773912302192896.000000 0.474637985 0.026171934 1.174114466 -0.022948377 -0.821345747 0.031633958 0.569090366
1744773912427621120.000000 0.473377109 0.026168961 1.173555493 -0.022876706 -0.820726931 0.032137301 0.569957197
1744773912530725120.000000 0.472319007 0.026167877 1.173080325 -0.019903779 -0.820368469 0.037455820 0.570259988
1744773912613530880.000000 0.471309066 0.026191693 1.172651410 -0.020875400 -0.819616139 0.036938544 0.571339846
1744773912706763008.000000 0.470300436 0.026180290 1.172197580 -0.021424843 -0.819415510 0.035279196 0.571712017
1744773912810951936.000000 0.469067454 0.026343316 1.171889544 -0.021212541 -0.819252968 0.036099393 0.571901679
1744773912904946176.000000 0.467327356 0.026455216 1.171483397 -0.019985016 -0.808950663 0.035699222 0.586451232
1744773913008481024.000000 0.466052890 0.026415702 1.170940042 -0.019116914 -0.804327667 0.035653666 0.592807233
1744773913111088896.000000 0.464881659 0.026411861 1.170390487 -0.018653587 -0.800039053 0.035992954 0.598576665
1744773913215130368.000000 0.463894963 0.026410580 1.169933796 -0.018173043 -0.796401978 0.036191620 0.603410244
1744773913308395264.000000 0.462441921 0.026543099 1.170218468 -0.018082082 -0.795985878 0.036145434 0.603964448
1744773913424442880.000000 0.461280823 0.026947986 1.169673920 -0.016518906 -0.792689145 0.036951300 0.608280897
1744773913516803328.000000 0.459513187 0.026912954 1.169159770 -0.016421199 -0.790416121 0.036523174 0.611259937
1744773913611736064.000000 0.458410621 0.026906773 1.168738842 -0.016366147 -0.788585603 0.035873227 0.613659561
1744773913704926976.000000 0.457133651 0.026689015 1.168856740 -0.017016249 -0.788436294 0.034616452 0.613905847
1744773913809061888.000000 0.455931425 0.026813000 1.168419957 -0.016037995 -0.787223458 0.035271198 0.615449488
1744773913913425920.000000 0.454816580 0.026685856 1.167944193 -0.016650682 -0.786019444 0.035129912 0.616978168
1744773914429097216.000000 0.448756099 0.027144022 1.165430307 -0.014923444 -0.782214522 0.035898380 0.621795118
1744773914522820352.000000 0.447477698 0.027185980 1.165331721 -0.015656861 -0.783519030 0.034457650 0.620214105
1744773914620756224.000000 0.445685267 0.027144849 1.164702058 -0.015194765 -0.782100856 0.033696007 0.622054696
1744773914714041344.000000 0.444527149 0.027176540 1.164228916 -0.014931110 -0.780756831 0.033269599 0.623769999
1744773914819878144.000000 0.443361044 0.027074795 1.163934588 -0.015288834 -0.780515015 0.034215491 0.624012709
1744773914944954880.000000 0.442307353 0.027323317 1.163350105 -0.015044578 -0.779948711 0.035627477 0.624647439
1744773915027958272.000000 0.441097498 0.027497351 1.163165808 -0.014464588 -0.780670404 0.036610737 0.623702049
1744773915124246016.000000 0.440004587 0.027484234 1.162720203 -0.014830361 -0.780231535 0.035429802 0.624310434
1744773915218403072.000000 0.438086033 0.027435575 1.162371755 -0.015402196 -0.779989064 0.035135195 0.624616206
1744773915323391232.000000 0.436967015 0.027283721 1.161969423 -0.016014239 -0.779289961 0.034077637 0.625531435
1744773915425810176.000000 0.435728788 0.027476568 1.161599994 -0.015224171 -0.778795242 0.035200089 0.626104832
1744773915527768064.000000 0.434606433 0.027456027 1.161371469 -0.014429238 -0.779147744 0.035561040 0.625664532
1744773915620847104.000000 0.433467507 0.027429979 1.160920143 -0.014453227 -0.779957652 0.034927983 0.624689698
1744773915731931904.000000 0.432320476 0.027560625 1.160524249 -0.013482559 -0.780228734 0.035680704 0.624330282
1744773915846416896.000000 0.431127906 0.027518798 1.160387874 -0.013705324 -0.781078756 0.035088837 0.623295367
1744773915930195968.000000 0.429427028 0.027540188 1.159972548 -0.013923537 -0.780263484 0.035195246 0.624304831
1744773916025079296.000000 0.428192496 0.027577866 1.159944057 -0.013905016 -0.780737400 0.035718046 0.623682678
1744773916132521216.000000 0.427065849 0.027575940 1.159654975 -0.014135982 -0.780306518 0.035992898 0.624200642
1744773916238430976.000000 0.425898790 0.027774915 1.159126759 -0.012977969 -0.780109763 0.036668595 0.624432385
1744773916333862912.000000 0.424697876 0.027870528 1.158806205 -0.012788602 -0.780186355 0.037087917 0.624315858
1744773916435090944.000000 0.422876477 0.027885582 1.158310890 -0.013496738 -0.780538082 0.036411643 0.623901010
1744773916551450368.000000 0.421777487 0.027606066 1.158285141 -0.014250983 -0.780528784 0.033569243 0.624055088
1744773916645811200.000000 0.420638084 0.027885318 1.157880187 -0.013130010 -0.779754639 0.034432903 0.624999702
1744773916726722304.000000 0.419458628 0.027780723 1.157890558 -0.012876459 -0.781177819 0.032908581 0.623307586
1744773916832411904.000000 0.418350816 0.028015474 1.157200575 -0.012885036 -0.780202091 0.032731708 0.624537647
1744773916936431104.000000 0.417182326 0.028112011 1.156795979 -0.012759058 -0.780221283 0.033561662 0.624472320
1744773917031024896.000000 0.415237308 0.028235488 1.156168222 -0.012163394 -0.779639423 0.036383394 0.625052631
1744773917124601088.000000 0.414111495 0.028358489 1.155909061 -0.012413867 -0.778803408 0.036899768 0.626058877
1744773917229392128.000000 0.412833095 0.028531045 1.155818939 -0.012678137 -0.779473126 0.037925448 0.625158131
1744773917324944128.000000 0.411646366 0.028577499 1.155550122 -0.012932417 -0.778610408 0.038418125 0.626197040
1744773917427055104.000000 0.410440087 0.028594410 1.155435562 -0.012578459 -0.778582990 0.038877420 0.626209915
1744773917555261184.000000 0.409250259 0.028337134 1.155158997 -0.011947241 -0.778069198 0.036480967 0.627004683
1744773917636544256.000000 0.407572627 0.028575592 1.154450536 -0.009359083 -0.775832117 0.037388619 0.629761100
1744773917740190976.000000 0.406401873 0.028726373 1.154283881 -0.008985409 -0.776536882 0.038478702 0.628831625
1744773917842774272.000000 0.405237079 0.028753750 1.154046535 -0.008984167 -0.776021421 0.038415335 0.629471540
1744773917936816896.000000 0.404103994 0.028898364 1.153682232 -0.007490468 -0.775156856 0.039320063 0.630499542
1744773918041295360.000000 0.402902961 0.029005570 1.153725624 -0.007731543 -0.777140915 0.039710835 0.628024995
1744773918134630912.000000 0.401067615 0.029296288 1.153228402 -0.006913582 -0.777566493 0.040355872 0.627466381
1744773918237467904.000000 0.399813652 0.029299732 1.153379202 -0.006482448 -0.780691326 0.040077757 0.623596728
1744773918350936064.000000 0.398533106 0.029488586 1.152920961 -0.005372248 -0.779792130 0.041583236 0.624632895
1744773918435670016.000000 0.397356868 0.029633937 1.152500629 -0.004192368 -0.779402196 0.043520484 0.624996543
1744773918537903360.000000 0.396187782 0.029922877 1.151914358 -0.000488189 -0.777294815 0.047300976 0.627355695
1744773918630377984.000000 0.395232439 0.029934298 1.151843309 -0.000159135 -0.777095973 0.046966892 0.627627254
1744773918746156288.000000 0.393194079 0.029994743 1.151639700 -0.000144910 -0.780136168 0.047108386 0.623833597
1744773918838103040.000000 0.391962051 0.029994402 1.151510954 -0.000593778 -0.781336129 0.047126848 0.622328401
1744773918932167936.000000 0.390941739 0.029812554 1.151579976 -0.002307425 -0.784483731 0.044829771 0.618522644
1744773919047784960.000000 0.389639378 0.030083068 1.151145458 -0.002589654 -0.783891201 0.046482757 0.619150400
1744773919140974336.000000 0.389283061 0.030417420 1.149766207 0.003605860 -0.765942931 0.044235997 0.641374767
1744773919257730304.000000 0.389235377 0.031255286 1.149102211 0.011244611 -0.756154358 0.052652441 0.652174830
1744773919343428096.000000 0.389444947 0.030720880 1.149238110 0.004212460 -0.748264730 0.050029147 0.661497772
1744773919449006080.000000 0.389065623 0.030098366 1.150314093 0.001792045 -0.744155467 0.043340869 0.666596591
1744773919551790336.000000 0.389048934 0.030178212 1.150102139 0.003154637 -0.733601928 0.044330131 0.678124845
1744773919645434112.000000 0.389040947 0.030133126 1.150768042 0.003987960 -0.730073392 0.043055441 0.681999445
1744773919748183296.000000 0.388975859 0.030201666 1.150961518 0.004636616 -0.723201275 0.043365564 0.689258933
1744773919840593152.000000 0.389041781 0.030201793 1.151060820 0.004891408 -0.716323376 0.042814389 0.696436584
1744773919944738048.000000 0.389083624 0.030171528 1.151039124 0.004541414 -0.704050481 0.041642368 0.708913445
1744773920048748288.000000 0.389229655 0.030135632 1.151075125 0.003642878 -0.695585251 0.041074708 0.717259169
1744773920144689920.000000 0.389349818 0.030107912 1.150860071 0.003540265 -0.684721887 0.040634327 0.727662206
1744773920248206080.000000 0.389314294 0.030138729 1.150701284 0.003813863 -0.674470901 0.040101372 0.737201691
1744773920354093056.000000 0.389417052 0.030112606 1.150750399 0.003298003 -0.666809440 0.039211191 0.744188666
1744773920447560960.000000 0.389283538 0.030144883 1.150736570 0.003743077 -0.657366991 0.038746625 0.752564549
1744773920539646976.000000 0.389397264 0.030133732 1.151201010 0.003606967 -0.648251534 0.037706990 0.760483563
1744773920644184064.000000 0.389511526 0.029931702 1.151576400 0.002667899 -0.642554462 0.034825735 0.765443623
1744773920737308928.000000 0.389669776 0.029507235 1.151836634 -0.000501525 -0.635691702 0.030698141 0.771332264
1744773920865468928.000000 0.390458226 0.029545734 1.153736234 -0.000549131 -0.643162310 0.031348079 0.765087724
1744773920959087104.000000 0.389748394 0.029267475 1.152044177 -0.001605473 -0.620701075 0.027869252 0.783550203
1744773921041414912.000000 0.389800727 0.029412355 1.152092814 -0.000401991 -0.611717463 0.028236967 0.790572107
1744773921144709120.000000 0.389987648 0.029668873 1.152380228 0.001855459 -0.601689100 0.029955614 0.798166335
1744773921241831936.000000 0.390064716 0.029533008 1.152625203 0.000937006 -0.595074773 0.027821543 0.803188086
1744773921347276288.000000 0.389916062 0.029555537 1.152331948 0.001051176 -0.583568692 0.027618978 0.811593354
1744773921449796096.000000 0.389993608 0.029285381 1.152232409 -0.001298105 -0.573508561 0.025854230 0.818790436
1744773921536564224.000000 0.389951289 0.029378980 1.152168632 -0.000385172 -0.563794076 0.025202746 0.825530708
1744773921655588096.000000 0.389902830 0.029343572 1.152262688 0.000117329 -0.553501010 0.023497814 0.832516968
1744773921757991936.000000 0.390078306 0.029273029 1.152174711 -0.000445377 -0.538895011 0.022451950 0.842073560
1744773921842590208.000000 0.390130401 0.029249415 1.152158499 -0.001004491 -0.529494822 0.022350043 0.848018169
1744773921951791360.000000 0.390141487 0.029239491 1.152165651 -0.001112574 -0.519597292 0.022124456 0.854124069
1744773922045299968.000000 0.390130937 0.029255183 1.152148843 -0.000201769 -0.510741711 0.020740459 0.859484017
1744773922150077184.000000 0.390345871 0.029082686 1.152473807 -0.000454498 -0.502100587 0.019617058 0.864586651
1744773922244689920.000000 0.389448106 0.028959898 1.152311325 -0.004553484 -0.481032997 0.019343009 0.876477301
1744773922359143936.000000 0.388434231 0.029271903 1.153831959 -0.000025500 -0.474433661 0.018896384 0.880088449
1744773922442447104.000000 0.387142807 0.029411137 1.154791594 0.003048591 -0.456108928 0.017174348 0.889753044
1744773922548896000.000000 0.386296064 0.029449031 1.155236006 0.004597110 -0.441630393 0.015848301 0.897045374
1744773922684400384.000000 0.385379910 0.029152496 1.155541658 0.001702596 -0.424738467 0.011705667 0.905238867
1744773922756707072.000000 0.384306729 0.029491823 1.157389998 0.002985956 -0.422373623 0.015470047 0.906284928
1744773922860622080.000000 0.383482903 0.029486414 1.158305168 0.002676418 -0.410770744 0.012827587 0.911644518
1744773922952874240.000000 0.382206231 0.029546713 1.159620523 0.002733265 -0.394127607 0.013921820 0.918946207
1744773923056862208.000000 0.381615728 0.029601242 1.160425067 0.003114560 -0.382598251 0.014177307 0.923800826
1744773923160339968.000000 0.380571455 0.029700566 1.161439061 0.003774401 -0.369315773 0.015309884 0.929170251
1744773923263319296.000000 0.379973441 0.029679729 1.162316918 0.004967717 -0.358943790 0.014525388 0.933232963
1744773923356324096.000000 0.379364341 0.029942127 1.163175583 0.005845864 -0.346952349 0.017176470 0.937707245
1744773923469108992.000000 0.378890872 0.029924445 1.163972020 0.004898461 -0.335579902 0.017030381 0.941845059
1744773923553526272.000000 0.377971411 0.030072354 1.165367126 0.008227826 -0.316981286 0.012754500 0.948310316
1744773923666208000.000000 0.377432257 0.030181151 1.166256309 0.007131222 -0.304741383 0.011811996 0.952335179
1744773923748023040.000000 0.376799405 0.030179124 1.167312503 0.005765761 -0.293284595 0.010676979 0.955948234
1744773923864549120.000000 0.376122892 0.030295972 1.168427587 0.006237593 -0.281071126 0.010775775 0.959606230
1744773923959304192.000000 0.375575602 0.030346235 1.169534564 0.006353966 -0.269612402 0.009298068 0.962903082
1744773924055230976.000000 0.375018030 0.030402845 1.170593381 0.006132733 -0.257602096 0.008647620 0.966192901
1744773924159412224.000000 0.374538392 0.030483276 1.172135115 0.006454162 -0.241237655 0.006612063 0.970422149
1744773924256894208.000000 0.373934090 0.030518390 1.173323274 0.005988938 -0.228771418 0.006739213 0.973438442
1744773924359017984.000000 0.373634160 0.030592792 1.174417496 0.007146479 -0.217818007 0.005574388 0.975947320
1744773924451829248.000000 0.373291433 0.030593598 1.175448060 0.007013960 -0.206034124 0.004986207 0.978506982
1744773924565673984.000000 0.372857243 0.030656315 1.176666141 0.007580170 -0.192326516 0.004844153 0.981289744
1744773924657997056.000000 0.372473329 0.030759487 1.178312063 0.008823290 -0.173717916 0.004212589 0.984746933
1744773924761449984.000000 0.372156262 0.030838246 1.179408669 0.009384312 -0.161087602 0.003260846 0.986890137
1744773924865037312.000000 0.371868581 0.030704029 1.180292010 0.008231881 -0.147730246 0.002709053 0.988989711
1744773924967973120.000000 0.371810079 0.030896474 1.181594014 0.009516608 -0.135802835 0.001658073 0.990688860
1744773925061856000.000000 0.371680081 0.030841496 1.182826161 0.009308523 -0.123875394 0.000593182 0.992253959
1744773925178670080.000000 0.371604353 0.030995307 1.183864117 0.010063503 -0.111410633 0.000042151 0.993723512
1744773925263984128.000000 0.371406615 0.030989224 1.185611010 0.009600131 -0.092735343 -0.001711595 0.995643079
1744773925358736896.000000 0.371088833 0.031038417 1.186928034 0.009713354 -0.078524694 -0.002913011 0.996860623
1744773925467236352.000000 0.371127278 0.031151487 1.187942505 0.010805521 -0.067176364 -0.002798491 0.997678697
1744773925563942912.000000 0.371061981 0.031166770 1.189158082 0.010875798 -0.054763045 -0.003385418 0.998434424
1744773925666247168.000000 0.371255279 0.031270880 1.190203667 0.010307542 -0.047227453 -0.003988826 0.998823047
1744773925770089984.000000 0.371437371 0.031399157 1.191198707 0.011073424 -0.039735157 -0.003919554 0.999141216
1744773925863008000.000000 0.371047169 0.031405222 1.192977428 0.010295338 -0.027192995 -0.005174823 0.999563813
1744773925966241024.000000 0.370951325 0.031544726 1.194034815 0.010953527 -0.021209490 -0.005211818 0.999701500
1744773926080728064.000000 0.370944440 0.031554416 1.195107460 0.010916443 -0.016531352 -0.005332164 0.999789536
1744773926175164928.000000 0.371379197 0.031751651 1.196116805 0.011961536 -0.015998796 -0.005733262 0.999784112
1744773926267795200.000000 0.371112704 0.031540558 1.197286963 0.010481921 -0.010247763 -0.005930693 0.999875009
1744773926373179904.000000 0.371018559 0.031358395 1.198332787 0.009425239 -0.007409225 -0.006024724 0.999909997
1744773926466410240.000000 0.370939434 0.031524226 1.199892521 0.011160460 -0.003783232 -0.006339750 0.999910533
1744773926579360000.000000 0.370956391 0.031682782 1.201005697 0.012125467 -0.002334795 -0.006786569 0.999900758
1744773926661026304.000000 0.370877057 0.031852685 1.202083111 0.012468600 -0.000113616 -0.007008149 0.999897718
1744773926776963328.000000 0.370852619 0.031898115 1.203140378 0.012783639 0.002000452 -0.006740384 0.999893606
1744773926889430016.000000 0.370810568 0.031759284 1.204265475 0.011805446 0.004632741 -0.007127652 0.999894202
1744773926971376128.000000 0.370884925 0.031770367 1.205315590 0.010924841 0.006305332 -0.007542488 0.999892056
1744773927077237248.000000 0.370796680 0.031811748 1.206458092 0.010572295 0.008890043 -0.007186453 0.999878824
1744773927171179008.000000 0.370720506 0.031913131 1.208054900 0.011146565 0.012302613 -0.007519632 0.999834001
1744773927279849984.000000 0.370714337 0.031905536 1.209183216 0.010653737 0.014797857 -0.007693728 0.999804199
1744773927372324352.000000 0.370701909 0.031967953 1.210264444 0.011239077 0.016101846 -0.007500837 0.999779046
1744773927476426240.000000 0.370759249 0.031992372 1.211333990 0.011480081 0.016974330 -0.007440231 0.999762356
1744773927580274176.000000 0.370716572 0.032016769 1.212429762 0.011458500 0.019136135 -0.007702392 0.999721587
1744773927676352000.000000 0.370631427 0.032108225 1.214049459 0.011158723 0.021972686 -0.007913358 0.999664962
1744773927781147904.000000 0.370627463 0.032194391 1.215200543 0.011692106 0.023633758 -0.007667478 0.999622941
1744773927876142336.000000 0.370685190 0.032177240 1.216296434 0.010614163 0.025009923 -0.008285791 0.999596536
1744773927969201152.000000 0.370674968 0.032216497 1.217367291 0.011421389 0.026477458 -0.008458956 0.999548376
1744773928072259072.000000 0.370616138 0.032270588 1.218493581 0.011215456 0.028646575 -0.008902785 0.999487042
1744773928176504064.000000 0.370674968 0.032302540 1.219529390 0.011869526 0.029662279 -0.009384126 0.999445498
1744773928269387008.000000 0.370708257 0.032308590 1.221041322 0.011090135 0.032888643 -0.010179195 0.999345660
1744773928372980224.000000 0.372329056 0.031662967 1.221654534 0.001303116 0.026225368 -0.013083613 0.999569595
1744773928480601344.000000 0.371971101 0.032004837 1.221757531 0.007376821 0.044296179 -0.012646255 0.998911202
1744773928584219904.000000 0.370894879 0.032298695 1.222097397 0.010068661 0.066360287 -0.013257816 0.997656822
1744773928687875328.000000 0.370957136 0.032193232 1.222135186 0.009092861 0.076233506 -0.014255220 0.996946633
1744773928775088384.000000 0.370954573 0.032268666 1.222154021 0.009697888 0.089525968 -0.015434719 0.995817661
1744773928884860928.000000 0.371424019 0.032261539 1.222218037 0.009277795 0.104403578 -0.016933428 0.994347572
1744773928976719104.000000 0.371481627 0.032269955 1.222106338 0.009803213 0.115591504 -0.016937951 0.993104041
1744773929071290880.000000 0.371566772 0.032278899 1.222113371 0.009720284 0.126367390 -0.018290956 0.991767228
1744773929175101952.000000 0.371553481 0.032267384 1.222076297 0.009758976 0.138403267 -0.018387808 0.990157187
1744773929280293888.000000 0.371533781 0.032264423 1.222064137 0.010437428 0.150601938 -0.018400071 0.988368154
1744773929592914176.000000 0.372513503 0.032104574 1.221812606 0.009872081 0.178566441 -0.020283071 0.983669281
1744773929678145280.000000 0.382166386 0.010062955 1.221008301 -0.233740285 0.078573532 0.045516640 0.968049526
1744773929793370368.000000 0.381829560 0.010071274 1.221068859 -0.234273031 0.093140632 0.040881123 0.966834903
1744773929887610112.000000 0.381434649 0.009941123 1.221325636 -0.236598000 0.107663572 0.037997548 0.964876235
1744773929983237376.000000 0.381346792 0.010215167 1.221353292 -0.234900177 0.120024897 0.033473291 0.963999748
1744773930079480064.000000 0.381321013 0.010284141 1.221519470 -0.235156178 0.138337865 0.028033825 0.961653948
1744773930172997120.000000 0.381775737 0.010144949 1.221354246 -0.236139104 0.143821627 0.027335305 0.960628152
1744773930297505024.000000 0.381436199 0.010506839 1.221445322 -0.233706445 0.158875614 0.022419393 0.958977163
1744773930380575232.000000 0.381459296 0.010544993 1.221311092 -0.232754946 0.169116169 0.019109074 0.957527995
1744773930483896320.000000 0.381717026 0.010288358 1.221316934 -0.235767469 0.176541910 0.017284432 0.955483139
1744773930588453888.000000 0.381937474 0.010312378 1.221489072 -0.236255303 0.201105222 0.008148547 0.950617611
1744773930680648960.000000 0.381346881 0.011000253 1.222961307 -0.237461656 0.227435842 -0.001739425 0.944395006
1744773930794627072.000000 0.380450249 0.011508703 1.224085093 -0.236387193 0.256644696 -0.009251522 0.937106729
1744773930889742080.000000 0.379972577 0.011751398 1.224840403 -0.237181664 0.280256122 -0.016748074 0.930011213
1744773930992623360.000000 0.379602164 0.012021013 1.225657821 -0.238866270 0.304460198 -0.023833208 0.921780288
1744773931101602048.000000 0.379200995 0.012157917 1.226550937 -0.242302477 0.329572827 -0.030241186 0.912006974
1744773931221729024.000000 0.379045844 0.012697101 1.227191925 -0.240338296 0.349842161 -0.038386509 0.904640555
1744773931295361024.000000 0.379373550 0.013021268 1.227487206 -0.237149402 0.369600534 -0.045013826 0.897289991
1744773931398079232.000000 0.379723191 0.013604358 1.227514982 -0.230921447 0.380809844 -0.051459212 0.893874228
1744773931501646336.000000 0.379242003 0.014107749 1.228316545 -0.228694633 0.407114774 -0.062107179 0.882099271
1744773931610981120.000000 0.379140764 0.014827766 1.228782415 -0.221870124 0.427879632 -0.072862156 0.873145938
1744773931693780224.000000 0.378859937 0.015530482 1.229990721 -0.216463208 0.464364052 -0.084401608 0.854626298
1744773931796153344.000000 0.379194587 0.015776694 1.230207443 -0.211857006 0.476105303 -0.089854307 0.848744094
1744773931899399936.000000 0.378832787 0.016889080 1.231166363 -0.200914040 0.506884813 -0.104907140 0.831682622
1744773931993926912.000000 0.379016042 0.017400414 1.231521010 -0.195412248 0.523525774 -0.113173887 0.821539104
1744773932088346880.000000 0.379182786 0.017979376 1.231880426 -0.188490897 0.540618598 -0.122485317 0.810678780
1744773932191353088.000000 0.379400998 0.018449545 1.232157707 -0.182651863 0.555556953 -0.129988164 0.800685883
1744773932298006016.000000 0.379683524 0.018915005 1.232100010 -0.175374717 0.565523326 -0.137086615 0.794124901
1744773932391974912.000000 0.380086929 0.019470133 1.232305288 -0.167188987 0.584568441 -0.146278113 0.780339837
1744773932510080000.000000 0.380398810 0.019874364 1.232370496 -0.160017073 0.596408725 -0.153527379 0.771440566
1744773932592485120.000000 0.380668998 0.020200476 1.232504368 -0.154339179 0.608424842 -0.159832001 0.761874259
1744773932696733952.000000 0.381003857 0.020526692 1.232625127 -0.148804888 0.620705783 -0.165462419 0.751800358
1744773933499597056.000000 0.382182479 0.020633079 1.230932236 -0.120297693 0.680191875 -0.197979003 0.695465147
1744773935616691200.000000 0.385933578 0.018134221 1.228359938 -0.133517072 0.713810623 -0.195998639 0.658962905
1744773935719909888.000000 0.386094749 0.018018261 1.228234172 -0.136048242 0.712149441 -0.196842819 0.659990132
1744773935823218944.000000 0.386288106 0.017948687 1.228356957 -0.138050690 0.713679194 -0.196418509 0.658045411
1744773935915739904.000000 0.386434197 0.017633155 1.228113890 -0.142820254 0.711916864 -0.194019690 0.659646213
1744773936011150080.000000 0.386795223 0.017790899 1.228295803 -0.139950693 0.718784690 -0.197136059 0.651843369
1744773936114572032.000000 0.387017369 0.017778113 1.228182077 -0.137033269 0.720228016 -0.195498362 0.651363134
1744773936227306240.000000 0.388192892 0.019305155 1.229687214 -0.111613646 0.748600781 -0.206647843 0.620028973
1744773936309696256.000000 0.387458801 0.018424392 1.229073286 -0.127250135 0.739702463 -0.200743154 0.629563212
1744773936414212352.000000 0.387726784 0.018501446 1.229067922 -0.125376850 0.741979659 -0.202094197 0.626821220
1744773936506621952.000000 0.388091326 0.018589512 1.229234099 -0.124314405 0.747040093 -0.202732086 0.620787263
1744773936610928384.000000 0.388219714 0.018699601 1.229181886 -0.122224063 0.741207838 -0.202365085 0.628268063
1744773936702625024.000000 0.388499022 0.018582314 1.229242086 -0.127265736 0.733632803 -0.198676959 0.637270749
1744773936809402112.000000 0.388660192 0.018721133 1.228992939 -0.123374842 0.722361684 -0.197254375 0.651201248
1744773936912067072.000000 0.388897657 0.018638238 1.229058743 -0.127080292 0.715067327 -0.193877310 0.659500599
1744773937015645952.000000 0.389107823 0.018508136 1.229055166 -0.131970137 0.705887914 -0.190352380 0.669381917
1744773937133119232.000000 0.389239609 0.018511444 1.228929281 -0.133079991 0.695845902 -0.188218489 0.680192649
1744773937204579072.000000 0.389637172 0.018427402 1.229039788 -0.137674704 0.687966526 -0.184056565 0.688382864
1744773937320208128.000000 0.389839172 0.018426403 1.229109645 -0.140017584 0.683337033 -0.183120847 0.692757070
1744773937426130944.000000 0.390137076 0.018497899 1.229307055 -0.139989883 0.682286978 -0.182250753 0.694025993
1744773937519473920.000000 0.390321732 0.018480167 1.229266882 -0.140490592 0.677819669 -0.180962235 0.698624074
1744773937622645248.000000 0.390512466 0.018449932 1.229220867 -0.142594904 0.673624814 -0.179779649 0.702549398
1744773937729786880.000000 0.390791893 0.018395856 1.229253054 -0.144657835 0.670636594 -0.178241089 0.705372810
1744773937814923008.000000 0.390999854 0.018399522 1.229240298 -0.145736054 0.668543875 -0.177670032 0.707278967
1744773937939465984.000000 0.391250432 0.018386751 1.229170561 -0.144479305 0.664713442 -0.175917923 0.711571991
1744773938023471104.000000 0.391450524 0.018391028 1.229322791 -0.145865396 0.666000903 -0.174929604 0.710327923
1744773938126348288.000000 0.391683936 0.018357515 1.229314566 -0.146647915 0.664776087 -0.174457222 0.711429477
1744773938219482112.000000 0.391804516 0.018229738 1.229071021 -0.147745252 0.658647299 -0.173010483 0.717232525
1744773938323346176.000000 0.392136872 0.018290877 1.229084969 -0.146997973 0.657488227 -0.173383087 0.718358696
1744773938419134976.000000 0.392240405 0.018102884 1.228962183 -0.150734395 0.653153062 -0.169376582 0.722483099
1744773938524442880.000000 0.392453969 0.018088102 1.229032516 -0.150424719 0.653000593 -0.169009596 0.722771347
1744773938620567040.000000 0.392638385 0.018010721 1.229084015 -0.152600408 0.653098106 -0.168073460 0.722445428
1744773938723050240.000000 0.392856777 0.018037841 1.228942633 -0.151331022 0.649992228 -0.168567672 0.725392401
1744773938837431296.000000 0.393036544 0.018152833 1.228753924 -0.147233427 0.646071494 -0.168947652 0.729637444
1744773938931907072.000000 0.393284798 0.017998129 1.229022264 -0.154548720 0.649767280 -0.165773153 0.725559473
1744773939027899136.000000 0.393559992 0.018043667 1.228994131 -0.153495535 0.647957027 -0.165996909 0.727348506
1744773939123365888.000000 0.393722057 0.017993748 1.229143262 -0.155461997 0.649322987 -0.163562804 0.726263344
1744773939217975040.000000 0.393684924 0.018121533 1.228877187 -0.150214404 0.642892540 -0.167936578 0.732067049
1744773939323473920.000000 0.393864810 0.018122584 1.228909016 -0.149900451 0.642945826 -0.168207154 0.732022464
1744773939418011904.000000 0.394070983 0.018138088 1.228989601 -0.150946006 0.643371582 -0.169064164 0.731235683
1744773939523052288.000000 0.394349635 0.018107459 1.228984356 -0.152063683 0.640967190 -0.169166386 0.733089685
1744773939625776384.000000 0.394554734 0.018069848 1.229002595 -0.153538227 0.640219927 -0.166870907 0.733960927
1744773939718706176.000000 0.394758880 0.018098287 1.229062438 -0.153654769 0.640846372 -0.167159230 0.733323932
1744773940418332928.000000 0.396149755 0.018254176 1.229133606 -0.148366511 0.634519577 -0.170030326 0.739230692
1744773941818594304.000000 0.398820639 0.018489338 1.229763150 -0.146498471 0.639508724 -0.171314806 0.734995246
1744773941924489984.000000 0.399040043 0.018544160 1.229863286 -0.145352572 0.642436445 -0.173213929 0.732219279
1744773942030821376.000000 0.399277866 0.018694617 1.229950309 -0.141932800 0.645606875 -0.178810924 0.728747904
1744773942135357184.000000 0.399480045 0.018733889 1.229896545 -0.138918743 0.641558528 -0.181053907 0.732341230
1744773942239777024.000000 0.399657547 0.018630862 1.229929566 -0.143493548 0.640983880 -0.175688654 0.733268619
1744773942332820224.000000 0.399769962 0.018712834 1.229956627 -0.139982581 0.642192543 -0.179420635 0.731984913
1744773942446960896.000000 0.399985313 0.018720523 1.229961395 -0.139140949 0.641195476 -0.178369492 0.733275175
1744773942554235904.000000 0.400239587 0.018758483 1.230056763 -0.140190899 0.643165410 -0.178660646 0.731276393
1744773942639242240.000000 0.400339544 0.018707410 1.229966640 -0.140635818 0.637502313 -0.175987557 0.736777365
1744773942742292224.000000 0.400377929 0.018687636 1.230186701 -0.147100747 0.634430170 -0.169864327 0.739598453
1744773942845559040.000000 0.400398612 0.018641196 1.230174184 -0.149130180 0.622555256 -0.164465800 0.750424027
1744773942940520960.000000 0.400423348 0.018585071 1.230201364 -0.152823910 0.610339642 -0.161322936 0.760332406
1744773943043899136.000000 0.400386840 0.018650353 1.230202794 -0.148281738 0.599884152 -0.161765546 0.769404650
1744773943136898048.000000 0.400390297 0.018771105 1.230184197 -0.144668847 0.586474359 -0.163400233 0.780012250
1744773943230142976.000000 0.400398254 0.018659409 1.230200768 -0.152086496 0.575825453 -0.154055819 0.788391829
1744773943333986048.000000 0.400394022 0.018644821 1.230204701 -0.154503450 0.566492856 -0.149635598 0.795502245
1744773943436537344.000000 0.400393337 0.018684406 1.230190992 -0.155372307 0.554824829 -0.149273798 0.803583443
1744773943541709312.000000 0.400406092 0.018678524 1.230201364 -0.157057703 0.544543922 -0.144631937 0.811101973
1744773943648205312.000000 0.400396526 0.018704318 1.230174065 -0.157406822 0.532127023 -0.143459558 0.819440901
1744773943754288896.000000 0.400328934 0.018759467 1.230379581 -0.160762623 0.527809143 -0.139842659 0.822202563
1744773943838116096.000000 0.400314927 0.018756509 1.230406046 -0.161688432 0.518572748 -0.135594502 0.828585148
1744773943963478016.000000 0.400320709 0.018791359 1.230399847 -0.162504971 0.507643223 -0.135001883 0.835263491
1744773944036707072.000000 0.400349557 0.018772744 1.230364799 -0.164130107 0.494138181 -0.131498307 0.843562067
1744773944152311040.000000 0.400309771 0.018796004 1.230433941 -0.165339053 0.488020182 -0.129460767 0.847194910
1744773944246080256.000000 0.400287867 0.018790502 1.230460048 -0.167998120 0.473568380 -0.124978743 0.855505705
1744773944352587264.000000 0.400267661 0.018817028 1.230468988 -0.167816430 0.464507908 -0.123434246 0.860717237
1744773944455679232.000000 0.400285274 0.018811427 1.230458379 -0.169081762 0.452512771 -0.119518898 0.867386222
1744773944547674112.000000 0.400238484 0.018827470 1.230515122 -0.170662254 0.446173906 -0.117594078 0.870617509
1744773944650680064.000000 0.400261521 0.018824194 1.230486870 -0.171088636 0.432926804 -0.114124194 0.877655327
1744773944768315136.000000 0.400201589 0.018868480 1.230537891 -0.171239570 0.426488221 -0.113067776 0.880908906
1744773944860791296.000000 0.400213897 0.018843817 1.230526567 -0.173723385 0.414448112 -0.109722592 0.886574328
1744773944955543040.000000 0.400197923 0.018868966 1.230539680 -0.174162805 0.398715287 -0.104426466 0.894308984
1744773945059501056.000000 0.400198013 0.018875005 1.230528355 -0.175212204 0.387760222 -0.102539703 0.899126470
1744773945162648320.000000 0.400182307 0.018870376 1.230562925 -0.176519021 0.378351152 -0.097853914 0.903391480
1744773945245570304.000000 0.400184155 0.018875780 1.230557919 -0.178022221 0.367063016 -0.095997401 0.907941341
1744773945348797952.000000 0.400156498 0.018880207 1.230587959 -0.180175886 0.351544797 -0.091361262 0.914114892
1744773945453291264.000000 0.400151670 0.018883508 1.230618000 -0.181183055 0.341869295 -0.087465033 0.917958617
1744773945558617088.000000 0.400192499 0.018865008 1.230603218 -0.183930159 0.326716244 -0.084874123 0.923159003
1744773945683199232.000000 0.400214434 0.018889068 1.230675220 -0.184592530 0.308130920 -0.079014622 0.929912686
1744773945755426048.000000 0.400265694 0.018974667 1.230815530 -0.186760992 0.294673622 -0.075499237 0.934124053
1744773945871536128.000000 0.400346339 0.019046523 1.230951309 -0.187433481 0.281000733 -0.071966648 0.938471198
1744773945966333184.000000 0.400482088 0.019113403 1.231081843 -0.189606816 0.256238014 -0.064358890 0.945647538
1744773946059478016.000000 0.400517404 0.019240161 1.231304049 -0.188303843 0.249367997 -0.064281851 0.947747409
1744773946165480192.000000 0.400556594 0.019283403 1.231395364 -0.187721804 0.235938892 -0.061770130 0.951460958
1744773946258978048.000000 0.400569946 0.019382341 1.231560946 -0.187581480 0.225545481 -0.060986225 0.954056144
1744773946363596288.000000 0.400643110 0.019444881 1.231654525 -0.186205983 0.209738910 -0.057086870 0.958163917
1744773946490428928.000000 0.400654376 0.019522667 1.231855273 -0.187603965 0.201317817 -0.055018816 0.959817052
1744773946583381248.000000 0.400674164 0.019589134 1.231990814 -0.188005090 0.188992605 -0.052233852 0.962396741
1744773946676013312.000000 0.400714695 0.019672055 1.232150555 -0.187401876 0.170602411 -0.048089720 0.966158748
1744773946761152000.000000 0.400728077 0.019698521 1.232265115 -0.188013449 0.159874976 -0.042679511 0.968126774
1744773946863470080.000000 0.400687993 0.019835606 1.232454538 -0.190900803 0.146662101 -0.042050891 0.969679773
1744773946956733952.000000 0.400771648 0.019920371 1.232645988 -0.194932535 0.132950738 -0.036824096 0.971066177
1744773947059584256.000000 0.400801063 0.019960612 1.232748389 -0.195994049 0.118633524 -0.032881953 0.972846985
1744773947165827328.000000 0.400794655 0.020111779 1.232972145 -0.194740459 0.100271173 -0.028385842 0.975303113
1744773947251983104.000000 0.400807232 0.020153811 1.233042955 -0.194256097 0.086124331 -0.027051676 0.976788342
1744773947376304128.000000 0.400828063 0.020207200 1.233146071 -0.194317877 0.072319582 -0.022200717 0.978017151
1744773947458209024.000000 0.400740802 0.020331278 1.233467937 -0.196154892 0.064540237 -0.019036977 0.978261411
1744773947564378368.000000 0.400719017 0.020388793 1.233569384 -0.195621505 0.051855762 -0.015724368 0.979181290
1744773947656437248.000000 0.400731295 0.020472974 1.233770609 -0.196396798 0.037993308 -0.011741428 0.979717791
1744773947760275200.000000 0.400740564 0.020541133 1.233978510 -0.198078066 0.016682737 -0.005837329 0.980026960
1744773947872518912.000000 0.400663227 0.020639464 1.234133005 -0.197383434 0.006630451 -0.002314496 0.980301201
1744773947964733184.000000 0.400580287 0.020724151 1.234272242 -0.196932644 -0.004057655 0.000597727 0.980408490
1744773948068069120.000000 0.400578022 0.020782268 1.234401226 -0.196817651 -0.017727513 0.004642166 0.980268836
1744773948181430016.000000 0.400550693 0.020854365 1.234523892 -0.196398556 -0.030343436 0.007897357 0.980022728
1744773948254179328.000000 0.400486916 0.020918334 1.234681845 -0.196322173 -0.041831300 0.011088849 0.979584038
1744773948372529152.000000 0.400425464 0.021002928 1.234867811 -0.195662796 -0.061009575 0.015773470 0.978644550
1744773948467356928.000000 0.400349766 0.021073494 1.234989524 -0.195452884 -0.072663873 0.019209608 0.977828860
1744773948571846912.000000 0.400354713 0.021178652 1.235163689 -0.194757566 -0.088656984 0.022768682 0.976571083
1744773948665544960.000000 0.400257528 0.021228977 1.235265493 -0.194877878 -0.099145859 0.025523797 0.975469768
1744773948767745024.000000 0.400227129 0.021311641 1.235400081 -0.194212228 -0.113143146 0.029429261 0.973968267
1744773948871610112.000000 0.400193840 0.021390721 1.235529423 -0.192656159 -0.126889974 0.033294536 0.972457707
1744773948975045888.000000 0.400094479 0.021435484 1.235662460 -0.193239331 -0.135180444 0.034566019 0.971179724
1744773949078097152.000000 0.400053144 0.021507654 1.235795617 -0.193467438 -0.145205379 0.037935443 0.969560087
1744773949162401280.000000 0.399916351 0.021598879 1.235974669 -0.193634182 -0.153154716 0.041081354 0.968174458
1744773949267112960.000000 0.399834245 0.021669641 1.236102581 -0.193684861 -0.157458514 0.041910395 0.967438161
1744773949371587328.000000 0.399777651 0.021705501 1.236231327 -0.194201782 -0.161730200 0.042438738 0.966606438
1744773949456124160.000000 0.399722576 0.021806199 1.236374378 -0.192482561 -0.166031346 0.043561034 0.966171086
1744773949570377984.000000 0.399652630 0.021861810 1.236501694 -0.193188578 -0.168987945 0.043917526 0.965501189
1744773949664699136.000000 0.399568379 0.021976463 1.236675382 -0.191822022 -0.173583239 0.045621969 0.964879215
1744773949759143168.000000 0.399510205 0.022005349 1.236796260 -0.192934752 -0.175938293 0.046006907 0.964212239
1744773949884339968.000000 0.399446636 0.022077229 1.236915112 -0.191824436 -0.177550346 0.046697225 0.964105070
1744773949967759104.000000 0.399386346 0.022137295 1.237045288 -0.191656545 -0.179350063 0.046384480 0.963820457
1744773950063035904.000000 0.399337351 0.022206634 1.237167239 -0.191763833 -0.181856290 0.047085665 0.963295400
1744773950167108352.000000 0.399270147 0.022265092 1.237284899 -0.192104027 -0.183424845 0.047200814 0.962924421
1744773950271152384.000000 0.399165690 0.022355676 1.237474442 -0.191963837 -0.185497656 0.047698941 0.962530732
1744773950365339904.000000 0.399116099 0.022414315 1.237600803 -0.192144543 -0.187581345 0.048459645 0.962052763
1744773950469430272.000000 0.399048984 0.022489734 1.237710953 -0.191103220 -0.188887805 0.048946597 0.961979806
1744773950572491264.000000 0.398998588 0.022548012 1.237835526 -0.191411987 -0.191177532 0.049845226 0.961419880
1744773950679079168.000000 0.398925900 0.022627350 1.237960339 -0.190353125 -0.191396296 0.050048046 0.961575985
1744773950772603904.000000 0.398868084 0.022690728 1.238082767 -0.190283179 -0.192936867 0.050530504 0.961256683
1744773950875675904.000000 0.398782909 0.022776861 1.238280177 -0.190470546 -0.194293439 0.050746556 0.960934877
1744773950968348928.000000 0.398708850 0.022838384 1.238399148 -0.190456465 -0.194613680 0.050656468 0.960877657
1744773951073586944.000000 0.398656815 0.022894457 1.238539219 -0.191823840 -0.195418000 0.049779329 0.960488141
1744773951170273024.000000 0.398588806 0.022966743 1.238658071 -0.191605926 -0.195196226 0.049455516 0.960593462
1744773951274002176.000000 0.398503691 0.023024119 1.238769054 -0.191776112 -0.193581209 0.050167207 0.960849345
1744773951366578944.000000 0.398449302 0.023112219 1.238947988 -0.190941200 -0.196182132 0.050727297 0.960458636
1744773951482630912.000000 0.398227990 0.023071371 1.238913536 -0.195931792 -0.195975259 0.052491281 0.959400415
1744773951608592128.000000 0.398256689 0.023052856 1.238956213 -0.196367294 -0.203629270 0.054316394 0.957614124
1744773951682176000.000000 0.398224503 0.023068361 1.238919020 -0.194239065 -0.213684067 0.056900475 0.955705345
1744773951787120384.000000 0.398211330 0.023068585 1.238931179 -0.194501281 -0.225619569 0.060568072 0.952678680
1744773951884089344.000000 0.398153603 0.023051120 1.238916636 -0.194642603 -0.241511479 0.064820707 0.948464453
1744773951992407040.000000 0.398184538 0.023068972 1.238928199 -0.192714393 -0.257331789 0.069182813 0.944380939
1744773952085728256.000000 0.398098290 0.023035228 1.238872886 -0.193647623 -0.262194872 0.071265467 0.942696035
1744773952179152896.000000 0.398110300 0.023044243 1.238898754 -0.193058997 -0.277847946 0.074973129 0.938033998
1744773952283472128.000000 0.398081601 0.023034647 1.238870382 -0.192782298 -0.288459778 0.078414075 0.934599996
1744773952387099904.000000 0.398089468 0.023061275 1.238862157 -0.190172240 -0.302788824 0.082491390 0.930241168
1744773952500068096.000000 0.398082018 0.023063339 1.238865256 -0.189823762 -0.321742386 0.087889783 0.923430681
1744773952582912256.000000 0.398084551 0.023054436 1.238862753 -0.189984217 -0.335173219 0.090721749 0.918332517
1744773952687751936.000000 0.398048013 0.023037672 1.238859177 -0.190480545 -0.345017582 0.092617385 0.914386213
1744773952791123200.000000 0.398033500 0.023047715 1.238844395 -0.189018220 -0.355954170 0.096276551 0.910109639
1744773952894965248.000000 0.398050189 0.023064896 1.238833189 -0.186526924 -0.368794620 0.099745482 0.905123830
1744773952988656896.000000 0.398046941 0.022997797 1.238835335 -0.190498173 -0.379170835 0.101332873 0.899817526
1744773953091096064.000000 0.398003548 0.023064330 1.238815308 -0.184544265 -0.393517554 0.107193187 0.894201934
1744773953185060352.000000 0.397977263 0.023043975 1.238802671 -0.184864223 -0.402302891 0.111086085 0.889740109
1744773953291290368.000000 0.397992551 0.023040205 1.238770962 -0.183508962 -0.413199335 0.114300735 0.884605110
1744773953384666880.000000 0.397991180 0.023032323 1.238765717 -0.182622224 -0.424006879 0.117820643 0.879196048
1744773953486784256.000000 0.397951722 0.023061961 1.238793373 -0.180102259 -0.436140448 0.120645672 0.873378158
1744773953589872128.000000 0.397947967 0.023048878 1.238795280 -0.180352971 -0.455720037 0.129279330 0.862020254
1744773953683498240.000000 0.397742867 0.023091525 1.238913536 -0.184054732 -0.477064192 0.134628862 0.848768950
1744773953791411200.000000 0.397701621 0.023076847 1.239051819 -0.186246261 -0.496297956 0.136502370 0.836879790
1744773953884492032.000000 0.397609293 0.023122683 1.239139438 -0.183222622 -0.512270331 0.140976861 0.827124059
