1744777512417869000
1744777512509488000
1744777512603489000
1744777512717518000
1744777512819877000
1744777512915076000
1744777513020221000
1744777513134537000
1744777513216227000
1744777513308668000
1744777513413274000
1744777513505998000
1744777513608933000
1744777513722132000
1744777513816924000
1744777513911363000
1744777514016284000
1744777514120484000
1744777514222788000
1744777514314943000
1744777514419853000
1744777514522555000
1744777514625175000
1744777514727938000
1744777514851220000
1744777514923016000
1744777515036574000
1744777515129948000
1744777515222465000
1744777515328318000
1744777515424163000
1744777515528100000
1744777515621283000
1744777515725522000
1744777515817263000
1744777515924297000
1744777516027710000
1744777516131669000
1744777516224235000
1744777516330254000
1744777516433675000
1744777516534657000
1744777516639423000
1744777516743274000
1744777516827684000
1744777516937488000
1744777517031766000
1744777517135213000
1744777517237677000
1744777517342364000
1744777517438369000
1744777517540884000
1744777517639330000
1744777517741714000
1744777517844405000
1744777517937323000
1744777518031795000
1744777518134245000
1744777518237669000
1744777518341986000
1744777518445090000
1744777518537659000
1744777518640552000
1744777518743766000
1744777518845784000
1744777518941994000
1744777519055981000
1744777519143090000
1744777519246644000
1744777519340580000
1744777519442916000
1744777519555480000
1744777519647621000
1744777519753605000
1744777519857737000
1744777519944182000
1744777520058024000
1744777520152671000
1744777520248427000
1744777520350998000
1744777520454423000
1744777520549166000
1744777520652262000
1744777520750821000
1744777520853314000
1744777520945306000
1744777521050119000
1744777521154710000
1744777521257640000
1744777521362757000
1744777521468023000
1744777521573325000
1744777521667485000
1744777521768331000
1744777521870597000
1744777521967785000
1744777522073666000
1744777522165943000
1744777522270981000
1744777522389171000
1744777522471769000
1744777522587426000
1744777522691957000
1744777522942118000
1744777523072364000
1744777523170430000
1744777523263264000
1744777523344763000
1744777523459206000
1744777523551168000
1744777523655359000
1744777523750188000
1744777523854597000
1744777523948847000
1744777524051491000
1744777524167954000
1744777524260392000
1744777524352636000
1744777524446782000
1744777524551682000
1744777524647115000
1744777524749806000
1744777524853554000
1744777524955950000
1744777525060537000
1744777525167336000
1744777525271654000
1744777525354484000
1744777525447985000
1744777525563884000
1744777525659047000
1744777525784969000
1744777525858389000
1744777525972521000
1744777526095583000
1744777526189863000
1744777526284162000
1744777526387007000
1744777526491873000
1744777526595248000
1744777526678428000
1744777526772967000
1744777526875563000
1744777526967751000
1744777527073265000
1744777527177421000
1744777527280323000
1744777527390104000
1744777527484761000
1744777527571143000
1744777527674550000
1744777527777954000
1744777527871292000
1744777527974597000
1744777528088981000
1744777528183670000
1744777528287045000
1744777528382913000
1744777528498408000
1744777528580859000
1744777528691649000
1744777528775193000
1744777528890251000
1744777528976214000
1744777529082301000
1744777529207276000
1744777529291212000
1744777529384380000
1744777529488324000
1744777529580971000
1744777529685013000
1744777529787665000
1744777529890832000
1744777530001287000
1744777530093871000
1744777530198552000
1744777530294866000
1744777530387691000
1744777530502081000
1744777530586538000
1744777530690698000
1744777530793895000
1744777530887679000
1744777530990179000
1744777531082763000
1744777531186230000
1744777531291231000
1744777531395077000
1744777531486534000
1744777531588609000
1744777531690995000
1744777531793440000
1744777531885669000
1744777531998165000
1744777532090360000
1744777532194653000
1744777532297767000
1744777532401167000
1744777532493249000
1744777532585913000
1744777532687392000
1744777532788841000
1744777532902758000
1744777532995639000
1744777533099971000
1744777533203469000
1744777533296767000
1744777533402586000
1744777533505788000
1744777533599682000
1744777533703077000
1744777533805559000
1744777533899912000
1744777534003223000
1744777534106894000
1744777534212113000
1744777534304172000
1744777534418358000
1744777534500472000
1744777534606620000
1744777534710061000
1744777534804909000
1744777534903446000
1744777535015991000
1744777535100528000
1744777535205060000
1744777535298400000
1744777535405212000
1744777535508984000
1744777535612066000
1744777535705965000
1744777535801124000
1744777535919566000
1744777536001471000
1744777536104804000
1744777536208922000
1744777536302517000
1744777536407262000
1744777536510042000
1744777536602158000
1744777536708334000
1744777536811472000
1744777536904850000
1744777537006662000
1744777537102464000
1744777537208047000
1744777537310406000
1744777537404528000
1744777537538084000
1744777537611688000
1744777537715720000
1744777537807359000
1744777537911851000
1744777538008349000
1744777538113517000
1744777538216488000
1744777538320690000
1744777538426255000
1744777538510175000
1744777538612381000
1744777538728493000
1744777538813140000
1744777538915973000
1744777539020688000
1744777539123988000
1744777539218639000
1744777539311708000
1744777539416712000
1744777539519075000
1744777539624686000
1744777539728495000
1744777539820879000
1744777539917486000
1744777540022108000
1744777540127633000
1744777540628968000
1744777542235801000
1744777542639202000
1744777542743150000
1744777542837131000
1744777542944854000
1744777543079029000
1744777543162476000
1744777543257193000
1744777543362208000
1744777543476226000
1744777543561603000
1744777543646795000
1744777543759640000
1744777543854590000
1744777543948596000
1744777544052379000
1744777544155603000
1744777544260609000
1744777544353531000
1744777544467466000
1744777544552983000
1744777544655826000
1744777544761210000
1744777544853590000
1744777544958386000
1744777545060096000
1744777545153098000
1744777545256668000
1744777545358889000
1744777545452646000
1744777545555345000
1744777545650140000
1744777545764300000
1744777545861322000
1744777545965076000
1744777546058558000
1744777546153664000
1744777546271387000
1744777546352553000
1744777546465594000
1744777546558432000
1744777546663785000
1744777546766532000
1744777546870691000
1744777546965866000
1744777547068764000
1744777547174173000
1744777547277092000
1744777547370744000
1744777547476272000
1744777547573349000
1744777547667146000
1744777547769862000
1744777547873580000
1744777547967419000
1744777548077186000
1744777548179006000
1744777548286820000
1744777548379532000
1744777548484941000
1744777548590261000
1744777548684102000
1744777548790373000
1744777548876641000
1744777548982565000
1744777549074458000
1744777549189497000
1744777549281255000
1744777549375279000
1744777549489477000
1744777549582653000
1744777549675845000
1744777549771350000
1744777549888931000
1744777549982496000
1744777550078034000
1744777550182151000
1744777550276174000
1744777550379113000
1744777550486143000
1744777550582570000
1744777550674502000
1744777550787623000
1744777550879543000
1744777550983580000
1744777551077089000
1744777551191028000
1744777551283209000
1744777551388335000
1744777551492864000
1744777551575960000
1744777551681411000
1744777551794509000
1744777551889047000
1744777551982048000
1744777552115992000
1744777552261866000
1744777552345383000
1744777552510278000
1744777552638729000
1744777552740469000
1744777552844818000
1744777552994712000
1744777553097760000
1744777553226747000
1744777553308591000
1744777553424712000
1744777553583475000
1744777553679463000
1744777553805190000
1744777553887959000
1744777554014497000
1744777554151455000
1744777554336944000
1744777554472680000
1744777554610545000
1744777554724678000
1744777554830134000
1744777554912505000
1744777555004075000
1744777555138806000
1744777555230546000
1744777555345853000
1744777555417031000
1744777555521081000
1744777555613702000
1744777555706455000
1744777555817181000
1744777555910125000
1744777556016523000
1744777556110239000
1744777556216054000
1744777556319271000
1744777556415210000
1744777556521209000
1744777556607566000
1744777556720129000
1744777556822132000
1744777556915248000
1744777557018733000
1744777557120449000
1744777557223489000
1744777558135865000
1744777558279452000
1744777558419047000
1744777558546460000
1744777558718168000
1744777558863995000
1744777559018445000
1744777559131318000
1744777559223807000
1744777559369201000
1744777559458328000
1744777559619642000
1744777559734658000
1744777559849149000
1744777559952613000
1744777560044337000
1744777560168228000
1744777560280682000
1744777560374783000
1744777560458256000
1744777560563274000
1744777560657504000
1744777560762479000
1744777560865995000
1744777560959305000
1744777561076097000
1744777561167915000
1744777561270947000
1744777561364984000
1744777561492726000
1744777561596304000
1744777561679769000
1744777561798802000
1744777561905871000
1744777561978349000
1744777562082414000
1744777562175162000
1744777562291169000
1744777562385837000
1744777562515140000
1744777562621068000
1744777562734399000
1744777562818289000
1744777562921660000
1744777563025652000
1744777563153153000
1744777563279430000
1744777563385945000
1744777563468797000
1744777563574470000
1744777563669383000
1744777563764280000
1744777563868469000
1744777563960938000
1744777564065111000
1744777564160596000
1744777564264385000
1744777564377566000
1744777564462199000
1744777564565216000
1744777564660211000
1744777564774822000
1744777564867138000
1744777564972162000
1744777565066040000
1744777565171813000
1744777565273959000
1744777565377427000
1744777565471088000
1744777565566558000
1744777569397421000
1744777569512473000
1744777569596180000
1744777569719470000
1744777569878489000
1744777570061846000
1744777570154664000
1744777570260063000
1744777570406471000
1744777570554824000
1744777570690683000
1744777570826938000
1744777570996807000
1744777571163789000
1744777571309798000
1744777571414902000
1744777571529893000
1744777571611623000
1744777571706822000
1744777571831847000
1744777571947058000
1744777572063762000
1744777572156888000
1744777572249536000
1744777572354120000
1744777572460309000
1744777572553213000
1744777572672534000
1744777572770607000
1744777572943245000
1744777573027321000
1744777573143978000
1744777573239927000
1744777573363892000
1744777573553204000
1744777573636872000
1744777573794997000
1744777573913052000
1744777574060821000
1744777574178076000
1744777574294938000
1744777574399562000
1744777574577490000
1744777574697293000
1744777574814295000
1744777574897323000
1744777574990388000
1744777575110536000
1744777575244222000
1744777575511101000
1744777575702178000
1744777575885231000
1744777576027119000
1744777576098922000
1744777576193764000
1744777576298164000
1744777576402550000
1744777576508686000
1744777576606140000
1744777576698680000
1744777576802355000
1744777577008935000
1744777577113016000
1744777577206158000
1744777577354865000
1744777577452529000
1744777577544583000
1744777577909146000
1744777578015635000
1744777578171144000
1744777578279905000
1744777578390051000
1744777578536435000
1744777578632748000
1744777578738677000
1744777578823832000
1744777578927902000
1744777579042681000
1744777579145037000
1744777579257629000
1744777579371103000
1744777579569650000
1744777579737337000
1744777579917949000
1744777580055308000
1744777580194187000
1744777580290733000
1744777580394190000
1744777580491019000
1744777580593937000
1744777580740036000
1744777580937794000
1744777581115710000
1744777581218519000
1744777581524336000
1744777581701064000
1744777581798133000
1744777581925275000
1744777582020820000
1744777582117618000
1744777582212402000
1744777582408901000
1744777582504495000
1744777582594102000
1744777582702732000
1744777582841624000
1744777582937238000
1744777583031343000
1744777583124924000
1744777583226836000
1744777583321475000
1744777583423992000
1744777583518222000
1744777583624243000
1744777583718850000
1744777583814117000
1744777583917105000
1744777584021768000
1744777584115410000
1744777584220323000
1744777584312743000
1744777584418154000
1744777584513057000
1744777584618144000
1744777584724373000
1744777584807139000
1744777584921365000
1744777585024012000
1744777585129721000
1744777585223053000
1744777585317740000
1744777585425627000
1744777585518816000
1744777585632278000
1744777585715544000
1744777585819824000
1744777585934913000
1744777586028662000
1744777586131967000
1744777586225295000
1744777586318133000
1744777586430337000
1744777586525714000
1744777586619210000
1744777586726361000
1744777586828975000
1744777586932434000
1744777587027205000
1744777587149296000
1744777587221449000
1744777587324839000
1744777587428073000
1744777587530910000
1744777587634857000
1744777587726406000
1744777587829231000
1744777587941650000
1744777588027254000
1744777588143394000
1744777588226968000
1744777588339481000
1744777588442893000
1744777588527339000
1744777588630281000
1744777588733688000
1744777588837952000
1744777588921725000
1744777589024501000
1744777589130014000
1744777589233603000
1744777589326738000
1744777589429591000
1744777589522494000
1744777589639086000
1744777589731522000
1744777589835242000
1744777589928359000
1744777590442704000
1744777593451139000
1744777593546548000
1744777593692923000
1744777593796489000
1744777593888582000
1744777593990233000
1744777594075730000
1744777594184500000
1744777594276248000
1744777594380500000
1744777594483331000
1744777594589058000
1744777594683144000
1744777594775171000
1744777594869362000
1744777594976441000
1744777595069751000
1744777595174394000
1744777595271636000
1744777595378123000
1744777595481070000
1744777595572880000
1744777595677620000
1744777595779935000
1744777595882214000
1744777595984890000
1744777596077937000
1744777596181731000
1744777596288055000
1744777596380742000
1744777596483529000
1744777596575256000
1744777596679011000
1744777596773068000
1744777596878147000
1744777596990836000
1744777597084868000
1744777597188282000
1744777597291503000
1744777597386801000
1744777597479599000
1744777597584314000
1744777597697737000
1744777597780727000
1744777597885516000
1744777597988703000
1744777598103754000
1744777598187869000
1744777598290310000
1744777598382842000
1744777598497653000
1744777598589376000
1744777598703199000
1744777598832635000
1744777598916459000
1744777599009411000
1744777599105513000
1744777599223128000
1744777599314876000
1744777599418639000
1744777599523923000
1744777599627612000
1744777599729912000
1744777599814068000
1744777599906290000
1744777600020983000
1744777600113895000
1744777600207425000
1744777600309843000
1744777600528101000
1744777600610890000
1744777600719348000
1744777600812324000
1744777600919257000
1744777601014254000
1744777601109316000
1744777601224358000
1744777601329617000
1744777601416087000
1744777601528135000
1744777601620743000
1744777601714461000
1744777601817883000
1744777601921630000
1744777602025808000
1744777602130115000
1744777602224315000
1744777602326502000
1744777602421141000
1744777602523991000
1744777602619383000
1744777602723761000
1744777602818159000
1744777602916136000
1744777603021356000
1744777603147435000
1744777603229018000
1744777603322528000
1744777603426109000
1744777603529951000
1744777603623366000
1744777603727153000
1744777603834683000
1744777603928079000
1744777604744429000
1744777604922797000
1744777605038656000
1744777605126430000
1744777605228203000
1744777605353000000
1744777605425539000
1744777605539125000
1744777605632353000
1744777605737072000
1744777605830709000
1744777605932625000
1744777606036424000
1744777606129364000
1744777606236262000
1744777606349260000
1744777606442849000
1744777606546403000
1744777606633340000
1744777606758456000
1744777606842023000
1744777606934593000
1744777607037482000
1744777607135883000
1744777607242598000
1744777607337472000
1744777607433179000
1744777607536030000
1744777607639934000
1744777607733277000
1744777607837858000
1744777608838752000
1744777609953465000
1744777610045481000
1744777610148088000
1744777610261685000
1744777610345078000
1744777610437384000
1744777610551301000
1744777610640278000
1744777610743651000
1744777610847000000
1744777610949688000
1744777611054424000
1744777611146523000
1744777611250665000
1744777611364731000
1744777611446830000
1744777611550075000
1744777611654120000
1744777611750819000
1744777611844687000
1744777611949837000
1744777612063170000
1744777612158462000
1744777612261503000