1744779456640418000
1744779456744081000
1744779456843029000
1744779456958914000
1744779457041837000
1744779457146573000
1744779457249002000
1744779457352393000
1744779457448775000
1744779457546517000
1744779457661299000
1744779457745813000
1744779457848200000
1744779457952435000
1744779458057592000
1744779458161912000
1744779458254503000
1744779458360211000
1744779458453877000
1744779458557024000
1744779458664481000
1744779458768519000
1744779458858595000
1744779458962254000
1744779459055151000
1744779459157819000
1744779459262275000
1744779459365318000
1744779459473001000
1744779459555220000
1744779459668482000
1744779459760276000
1744779459863922000
1744779459970459000
1744779460068536000
1744779460162023000
1744779460278436000
1744779460374166000
1744779460476854000
1744779460569759000
1744779460663122000
1744779460758173000
1744779460871339000
1744779460974307000
1744779461067134000
1744779461172086000
1744779461264445000
1744779461379274000
1744779461462803000
1744779461567181000
1744779461670888000
1744779461764280000
1744779461874710000
1744779461967259000
1744779462070691000
1744779462173281000
1744779462268598000
1744779462361766000
1744779462467221000
1744779462582726000
1744779462675290000
1744779462769616000
1744779462872192000
1744779462978397000
1744779463074112000
1744779463176993000
1744779463271102000
1744779463374285000
1744779463478966000
1744779463583425000
1744779463677137000
1744779463770731000
1744779463874208000
1744779463987639000
1744779464079695000
1744779464173948000
1744779464276854000
1744779464379427000
1744779464483994000
1744779464576193000
1744779464680624000
1744779464782224000
1744779464870131000
1744779464974101000
1744779465076058000
1744779465180628000
1744779465286582000
1744779465380517000
1744779465485890000
1744779465574037000
1744779465677203000
1744779465779534000
1744779465872288000
1744779465986445000
1744779466081177000
1744779466184670000
1744779466279048000
1744779466381600000
1744779466476881000
1744779466584505000
1744779466680275000
1744779466776951000
1744779466881718000
1744779466975016000
1744779467080597000
1744779467189177000
1744779467282767000
1744779467378161000
1744779467480818000
1744779467584300000
1744779467686507000
1744779467779354000
1744779475299176000
1744779475401932000
1744779475515148000
1744779475599249000
1744779475713664000
1744779475797139000
1744779475910101000
1744779476023913000
1744779476117121000
1744779476211690000
1744779476305628000
1744779476397142000
1744779476505349000
1744779476600043000
1744779476724205000
1744779476796580000
1744779476920741000
1744779477005114000
1744779477121417000
1744779477204443000
1744779477320982000
1744779477417072000
1744779477510377000
1744779477616322000
1744779477711589000
1744779477816188000
1744779477908383000
1744779478021111000
1744779478107047000
1744779478213382000
1744779478305941000
1744779478420517000
1744779478532957000
1744779478606224000
1744779478719860000
1744779478817335000
1744779478920779000
1744779479013761000
1744779479118944000
1744779479217212000
1744779479312409000
1744779479416637000
1744779479520148000
1744779479612941000
1744779479712770000
1744779479814493000
1744779479918681000
1744779480041119000
1744779480114449000
1744779480218456000
1744779480314506000
1744779480418659000
1744779480512798000
1744779480616869000
1744779480709649000
1744779480813038000
1744779480916049000
1744779481030357000
1744779481122852000
1744779481226789000
1744779481320155000
1744779481413346000
1744779481516808000
1744779481622482000
1744779481716065000
1744779481820485000
1744779481922981000
1744779482017225000
1744779482119855000
1744779482223838000
1744779482326940000
1744779482419845000
1744779482522136000
1744779482616434000
1744779482719236000
1744779482822333000
1744779482927635000
1744779483019515000
1744779483114800000
1744779483227412000
1744779483321617000
1744779483425635000
1744779483521410000
1744779485225161000
1744779485329560000
1744779485445972000
1744779485532621000
1744779485626138000
1744779485738768000
1744779485937108000
1744779486030451000
1744779486134562000
1744779486240483000
1744779486333270000
1744779486436690000
1744779486530637000
1744779486634225000
1744779486738373000
1744779486836611000
1744779486929751000
1744779487034290000
1744779487131479000
1744779487233341000
1744779487338543000
1744779487441576000
1744779487539945000
1744779487643173000
1744779487739052000
1744779487833899000
1744779487942489000
1744779488035058000
1744779488139571000
1744779488232112000
1744779488335797000
1744779489137159000
1744779491441497000
1744779492448775000
1744779493557862000
1744779493848776000
1744779493964497000
1744779494058397000
1744779494142929000
1744779494249077000
1744779494343659000
1744779494462271000
1744779494554261000
1744779494657212000
1744779494750624000
1744779494853102000
1744779494969025000
1744779495072125000
1744779495153556000
1744779495259294000
1744779495354321000
1744779495457694000
1744779495563149000
1744779495665318000
1744779495757713000
1744779495849906000
1744779495952571000
1744779496056237000
1744779496167747000
1744779496266255000
1744779496364696000
1744779496458826000
1744779496563784000
1744779498560880000
1744779498664200000
1744779498771517000
1744779498863790000
1744779498989667000
1744779499061061000
1744779499176861000
1744779499260006000
1744779499363672000
1744779499460842000
1744779499565448000
1744779499660570000
1744779499766139000
1744779499870824000
1744779499963443000
1744779500062293000
1744779500168933000
1744779500265093000
1744779500377315000
1744779500470518000
1744779500575315000
1744779500668238000
1744779500760493000
1744779500866664000
1744779500972388000
1744779501076858000
1744779501171437000
1744779501287047000
1744779501358991000
1744779501466878000
1744779501570008000
1744779501672770000
1744779501766683000
1744779501881221000
1744779501974693000
1744779502069418000
1744779504276066000
1744779505980544000
1744779509691575000
1744779509814778000
1744779510095163000
1744779510502627000
1744779510606634000
1744779510786179000
1744779510890233000
1744779510994644000
1744779511098590000
1744779511212917000
1744779511306537000
1744779511419396000
1744779511513834000
1744779511609058000
1744779511702940000
1744779511818870000
1744779511912493000
1744779512005596000
1744779512108593000
1744779512233061000
1744779512327183000
1744779512412111000
1744779512516780000
1744779512621030000
1744779512713837000
1744779512820684000
1744779512915352000
1744779513010169000
1744779513124506000
1744779513216879000
1744779513322408000
1744779513414525000
1744779513519214000
1744779513633183000
1744779513717102000
1744779513823183000
1744779513917396000
1744779514025732000
1744779514120670000
1744779514225058000
1744779514318200000
1744779514410970000
1744779514526187000
1744779514614764000
1744779514717854000
1744779514821260000
1744779514937134000
1744779515021293000
1744779515117037000
1744779515223091000
1744779515318985000
1744779515421287000
1744779515524504000
1744779515618019000
1744779515723155000
1744779515827902000
1744779515912498000
1744779516015636000
1744779516124761000
1744779516228990000
1744779516321694000
1744779516430411000
1744779516524118000
1744779516618307000
1744779516721981000
1744779516826172000
1744779516921075000
1744779517025809000
1744779517120354000
1744779517224257000
1744779517341636000
1744779517424339000
1744779517523342000
1744779517637659000
1744779517730498000
1744779517814397000
1744779517929350000
1744779518022215000
1744779518120453000
1744779518232997000
1744779518324681000
1744779518427757000
1744779518521920000
1744779518618074000
1744779518720999000
1744779518815888000
1744779518930895000
1744779519023739000
1744779519127582000
1744779519231350000
1744779519543473000
1744779519640256000
1744779521346927000
1744779522953726000
1744779524647267000
1744779526357614000
1744779527365794000
1744779527463179000
1744779527570710000
1744779527667265000
1744779527763486000
1744779527868130000
1744779527962993000
1744779528067533000
1744779528162030000
1744779528270124000
1744779528374290000
1744779528468638000
1744779528563732000
1744779528658004000
1744779528772365000
1744779528866939000
1744779528974620000
1744779529067642000
1744779529172158000
1744779529270124000
1744779530075628000
1744779530158237000
1744779532373831000
1744779533494694000
1744779534782554000
1744779536390896000
1744779539845198000
1744779540937300000
1744779541051705000
1744779541148344000
1744779541252462000
1744779541347873000
1744779541451175000
1744779541536348000
1744779541650019000
1744779541746229000
1744779541848484000
1744779541951312000
1744779542044401000
1744779542141421000
1744779543954297000
1744779546053107000
1744779548493527000
1744779550897917000
1744779552086560000
1744779553676887000
1744779553780143000
1744779553884119000
1744779553988136000
1744779554083107000
1744779554187023000
1744779554289904000
1744779554383196000
1744779554486750000
1744779554599750000
1744779554695054000
1744779554788337000
1744779554879905000
1744779554993424000
1744779555088566000
1744779555194295000
1744779555299188000
1744779555394678000
1744779555487515000
1744779555603763000
1744779555689777000
1744779555794891000
1744779555896610000
1744779555990639000
1744779556104081000
1744779556190965000
1744779556305488000
1744779556389874000
1744779556505633000
1744779556599769000
1744779556693787000
1744779556807763000
1744779556903608000
1744779556996046000
1744779557109058000
1744779557203565000