1744340495159909000
1744340495261178000
1744340495362790000
1744340495463981000
1744340495555133000
1744340495659499000
1744340495760802000
1744340495857317000
1744340495958551000
1744340496060387000
1744340496154557000
1744340496255941000
1744340496357449000
1744340496459448000
1744340496560916000
1744340496662094000
1744340496757621000
1744340496858719000
1744340496981254000
1744340497062905000
1744340497164219000
1744340497255604000
1744340497358746000
1744340497459935000
1744340497562299000
1744340497656463000
1744340497757891000
1744340497860449000
1744340497963414000
1744340498064978000
1744340498157268000
1744340498262682000
1744340498358592000
1744340498460298000
1744340498564343000
1744340498665416000
1744340498766378000
1744340498857487000
1744340498958899000
1744340499062253000
1744340499167352000
1744340499259070000
1744340499362784000
1744340499465091000
1744340499567063000
1744340499666764000
1744340499770600000
1744340499862803000
1744340499964661000
1744340500068263000
1744340500169524000
1744340500261445000
1744340500366470000
1744340500469109000
1744340500560037000
1744340500662728000
1744340500764260000
1744340500865776000
1744340500967369000
1744340501072424000
1744340501166323000
1744340501270929000
1744340501364782000
1744340501466907000
1744340501569177000
1744340501661978000
1744340501763071000
1744340501864262000
1744340501965670000
1744340502077769000
1744340502170587000
1744340502272549000
1744340502365856000
1744340502467699000
1744340502570774000
1744340502664813000
1744340502768798000
1744340502870588000
1744340502972055000
1744340503063968000
1744340503165373000
1744340503266929000
1744340503370936000
1744340503473000000
1744340503574317000
1744340503665708000
1744340503767522000
1744340503869835000
1744340503974053000
1744340504075112000
1744340504166359000
1744340504268273000
1744340504370068000
1744340504473545000
1744340504575208000
1744340504667791000
1744340504772443000
1744340504865252000
1744340504966487000
1744340505067752000
1744340505169809000
1744340505271644000
1744340505364754000
1744340505466156000
1744340505570188000
1744340505663494000
1744340505766047000
1744340505867517000
1744340505968845000
1744340506073421000
1744340506175566000
1744340506269391000
1744340506370616000
1744340506471866000
1744340506573435000
1744340506675503000
1744340506766967000
1744340506868604000
1744340506969664000
1744340507075449000
1744340507176720000
1744340507267651000
1744340507369609000
1744340507475007000
1744340507576286000
1744340507677616000
1744340507769174000
1744340507870374000
1744340507971984000
1744340508068777000
1744340508170639000
1744340508276864000
1744340508369283000
1744340508472978000
1744340508575169000
1744340508668404000
1744340508769668000
1744340508875604000
1744340508977156000
1744340509068582000
1744340509169836000
1744340509271049000
1744340509372065000
1744340509473566000
1744340509575741000
1744340509677466000
1744340509779084000
1744340509870151000
1744340509971836000
1744340510074839000
1744340510176882000
1744340510278169000
1744340510379295000
1744340510470516000
1744340510571936000
1744340510673709000
1744340510775729000
1744340510868898000
1744340510970411000
1744340511072207000
1744340511175817000
1744340511277699000
1744340511370250000
1744340511471382000
1744340511573258000
1744340511676399000
1744340511771561000
1744340511873079000
1744340511974478000
1744340512078984000
1744340512190748000
1744340512272089000
1744340512373468000
1744340512475718000
1744340512568773000
1744340512669895000
1744340512781274000
1744340512882502000
1744340512973774000
1744340513075580000
1744340513178404000
1744340513282551000
1744340513374131000
1744340513475336000
1744340513577441000
1744340513679963000
1744340513772653000
1744340513873849000
1744340513975456000
1744340514079985000
1744340514182337000
1744340514283715000
1744340514375723000
1744340514476965000
1744340514581859000
1744340514684509000
1744340514775546000
1744340514887038000
1744340514978036000
1744340515080366000
1744340515174899000
1744340515275968000
1744340515379831000
1744340515482662000
1744340515583997000
1744340515676395000
1744340515777965000
1744340515879381000
1744340515982281000
1744340516085174000
1744340516177685000
1744340516279156000
1744340516380622000
1744340516483920000
1744340516576082000
1744340516677354000
1744340516778619000
1744340516879908000
1744340516981737000
1744340517083259000
1744340517187881000
1744340517279308000
1744340517380504000
1744340517481732000
1744340517582938000
1744340517685023000
1744340517780690000
1744340517885380000
1744340517988658000
1744340518081007000
1744340518183659000
1744340518285695000
1744340518387236000
1744340518478402000
1744340518579365000
1744340518691275000
1744340518784072000
1744340518885613000
1744340518987289000
1744340519080801000
1744340519181834000
1744340519285537000
1744340519377564000
1744340519478723000
1744340519580057000
1744340519681495000
1744340519782857000
1744340519887030000
1744340519988293000
1744340520079667000
1744340520181191000
1744340520283528000
1744340520377195000
1744340520479007000
1744340520580445000
1744340520681980000
1744340520783307000
1744340520884729000
1744340520986073000
1744340521090997000
1744340521192224000
1744340521283223000
1744340521386086000
1744340521488596000
1744340521584836000
1744340521686107000
1744340521787725000
1744340521890985000
1744340521982149000
1744340522083432000
1744340522186882000
1744340522299450000
1744340522382120000
1744340522483195000
1744340522584663000
1744340522688805000
1744340522790247000
1744340522891496000
1744340522992658000
1744340523094454000
1744340523187573000
1744340523293481000
1744340523395007000
1744340523486806000
1744340523598249000
1744340523689899000
1744340523791616000
1744340523892889000
1744340523994167000
1744340524086761000
1744340524197984000
1744340524290483000
1744340524392826000
1744340524496215000
1744340524587301000
1744340524689172000
1744340524792576000
1744340524893836000
1744340524985406000
1744340525097515000
1744340525188595000
1744340525290520000
1744340525391945000
1744340525493625000
1744340525587495000
1744340525692788000
1744340525794696000
1744340525897437000
1744340525998981000
1744340526090192000
1744340526191901000
1744340526292983000
1744340526397344000
1744340526488534000
1744340526601599000
1744340526693023000
1744340526797437000
1744340526899066000
1744340526991192000
1744340527092338000
1744340527194774000
1744340527296398000
1744340527401267000
1744340527492262000
1744340527593519000
1744340527695277000
1744340527797271000
1744340527898492000
1744340527991655000
1744340528092851000
1744340528204095000
1744340528296707000
1744340528392927000
1744340528493911000
1744340528594992000
1744340528697044000
1744340528799678000
1744340528901451000
1744340528992842000
1744340529104334000
1744340529196736000
1744340529299975000
1744340529392826000
1744340529493982000
1744340529595807000
1744340529696972000
1744340529802194000
1744340529894031000
1744340529995502000
1744340530097068000
1744340530198955000
1744340530303306000
1744340530395160000
1744340530496199000
1744340530599311000
1744340530700734000
1744340530793592000
1744340530895012000
1744340531006297000
1744340531097978000
1744340531200045000
1744340531293212000
1744340531404675000
1744340531498219000
1744340531602043000
1744340531705050000
1744340531796368000
1744340531899744000
1744340532002534000
1744340532104391000
1744340532206796000
1744340532298172000
1744340532401551000
1744340532502844000
1744340532604513000
1744340532697017000
1744340532798155000
1744340532900195000
1744340533001546000
1744340533103030000
1744340533207432000
1744340533298409000
1744340533400974000
1744340533502758000
1744340533595792000
1744340533697195000
1744340533799178000
1744340533903388000
1744340534004519000
1744340534097662000
1744340534202468000
1744340534305086000
1744340534406784000
1744340534498327000
1744340534599504000
1744340534703219000
1744340534805317000
1744340534907078000
1744340535000916000
1744340535101966000
1744340535205201000
1744340535307706000
1744340535409008000
1744340535500403000
1744340535601811000
1744340535702884000
1744340535806861000
1744340535910858000
1744340536001776000
1744340536105419000
1744340536208035000
1744340536310193000
1744340536401275000
1744340536505928000
1744340536597584000
1744340536699109000
1744340536801098000
1744340536902175000
1744340537005185000
1744340537100362000
1744340537201712000
1744340537305277000
1744340537408877000
1744340537501055000
1744340537602486000
1744340537706414000
1744340537810023000
1744340537911176000
1744340538012653000
1744340538104170000
1744340538209103000
1744340538301303000
1744340538403734000
1744340538505903000
1744340538607595000
1744340538709650000
1744340538801105000
1744340538902727000
1744340539003735000
1744340539107609000
1744340539208708000
1744340539313786000
1744340539404755000
1744340539506077000
1744340539610120000
1744340539712684000
1744340539814248000
1744340539905765000
1744340540007092000
1744340540108435000
1744340540212014000
1744340540303761000
1744340540405122000
1744340540506218000
1744340540607508000
1744340540712443000
1744340540804918000
1744340540916694000
1744340541008829000
1744340541113202000
1744340541204913000
1744340541306073000
1744340541407782000
1744340541512101000
1744340541614876000
1744340541715940000
1744340541817324000
1744340541910745000
1744340542014002000
1744340542117014000
1744340542208143000
1744340542309436000
1744340542411247000
1744340542522581000
1744340542613655000
1744340542705090000
1744340542817179000
1744340542908571000
1744340543011976000
1744340543113843000
1744340543216898000
1744340543308283000
1744340543409376000
1744340543512965000
1744340543617330000
1744340543708794000
1744340543810308000
1744340543913345000
1744340544016109000
1744340544117992000
1744340544211022000
1744340544314651000
1744340544416366000
1744340544518247000
1744340544609323000
1744340544713124000
1744340544808953000
1744340544910500000
1744340545012184000
1744340545107217000
1744340545208682000
1744340545312813000
1744340545415508000
1744340545509995000
1744340545611201000
1744340545714683000
1744340545817545000
1744340545908918000
1744340546013277000
1744340546114797000
1744340546216526000
1744340546318474000
1744340546419974000
1744340546511106000
1744340546613905000
1744340546715432000
1744340546817831000
1744340546909086000
1744340547010286000
1744340547115306000
1744340547217587000
1744340547311331000
1744340547416125000
1744340547517777000
1744340547629009000
1744340547720583000
1744340547814485000
1744340547915926000
1744340548017132000
1744340548118679000
1744340548220069000
1744340548321118000
1744340548412792000
1744340548514251000
1744340548626920000
1744340548721049000
1744340548813093000
1744340548914980000
1744340549016242000
1744340549117328000
1744340549220853000
1744340549323135000
1744340549424206000
1744340549526353000
1744340549618041000
1744340549721063000
1744340549823394000
1744340549914572000
1744340550015711000
1744340550116742000
1744340550218079000
1744340550322329000
1744340550423821000
1744340550525310000
1744340550627717000
1744340550719152000
1744340550821720000
1744340550923261000
1744340551025321000
1744340551120852000
1744340551222264000
1744340551326943000
1744340551420389000
1744340551522129000
1744340551626378000
1744340551727322000
1744340551820887000
1744340551922104000
1744340552026792000
1744340552118086000
1744340552219490000
1744340552330893000
1744340552422119000
1744340552524585000
1744340552626028000
1744340552728537000
1744340552830186000
1744340552921080000
1744340553027298000
1744340553119973000
1744340553221239000
1744340553322723000
1744340553426996000
1744340553529969000
1744340553621681000
1744340553723077000
1744340553827803000
1744340553919336000
1744340554021206000
1744340554122707000
1744340554224204000
1744340554325945000
1744340554428111000
1744340554531259000
1744340554623611000
1744340554724806000
1744340554826020000
1744340554927922000
1744340555029943000
1744340555124289000
1744340555235516000