1745010453694614016.000000 0.004367865 0.003427224 -0.001149519 0.000294709 0.001557392 0.011273675 0.999935269
1745010453796844032.000000 0.028839123 0.016747389 -0.010462311 0.005215909 0.006081944 0.034228787 0.999381900
1745010453899772928.000000 0.024192926 0.018505376 -0.007823048 0.003798198 0.006898236 0.044436805 0.998981178
1745010454001513984.000000 0.013275036 0.014536213 0.001680755 -0.002551185 0.006674182 0.046799436 0.998878837
1745010454093104128.000000 0.065365620 0.037236109 -0.018515984 0.008308177 0.012117142 0.085166328 0.996258497
1745010454194610944.000000 0.065638795 0.042556852 -0.018617157 0.008041423 0.013236519 0.094422229 0.995411813
1745010454296218112.000000 0.017168414 0.027080525 0.000278476 -0.002371741 0.010262717 0.079117112 0.996809721
1745010454397413120.000000 0.064291783 0.050128661 -0.017420830 0.006573886 0.017029297 0.116464309 0.993027151
1745010454499097088.000000 0.064762808 0.055148050 -0.017627500 0.006219578 0.019315477 0.125957027 0.991828203
1745010454601519104.000000 0.020185499 0.045612447 -0.004194054 -0.001563448 0.015233202 0.112787589 0.993501127
1745010454713050112.000000 0.067315869 0.069428846 -0.018585932 0.004986765 0.025133878 0.151873752 0.988067746
1745010454794108928.000000 0.066965804 0.076275393 -0.019018477 0.005326786 0.026866885 0.161525264 0.986488402
1745010454896800000.000000 0.024403866 0.061609346 -0.003584977 -0.002278756 0.018216357 0.144016832 0.989405036
1745010454997822976.000000 0.059698448 0.089295968 -0.018561598 0.004605974 0.033065859 0.181474820 0.982828736
1745010455099140096.000000 0.058334615 0.097443782 -0.019894287 0.005456830 0.035042234 0.190834597 0.980981350
1745010455200207872.000000 0.020532899 0.082420133 -0.003409874 -0.000740359 0.017195439 0.174355507 0.984532356
1745010455302937088.000000 0.020201776 0.092377558 -0.003930646 -0.001965291 0.017498365 0.188724160 0.981872261
1745010455394010112.000000 0.024466353 0.112934984 -0.014527829 0.003654792 0.034877066 0.204112142 0.978319287
1745010455497049088.000000 0.014253944 0.104734264 -0.006603963 -0.001042264 0.020807467 0.203186929 0.978918314
1745010455598638080.000000 0.032737717 0.082504690 -0.007033699 -0.001148416 0.032018289 0.220961720 0.974756122
1745010455700197888.000000 0.032692600 0.085359603 -0.007987579 -0.000916792 0.032591831 0.229669735 0.972722411
1745010455803417088.000000 0.007789272 0.130001277 -0.009792943 -0.002642536 0.026344944 0.233070880 0.972099245
1745010455894628096.000000 0.008264909 0.135822698 -0.011493331 -0.001710219 0.028660230 0.243377090 0.969506741
1745010455995796992.000000 0.008639035 0.143555909 -0.013857840 -0.000572017 0.032068651 0.258768260 0.965406775
1745010456097393920.000000 0.001237494 0.142619208 -0.009446109 -0.004620002 0.031686179 0.260634571 0.964906335
1745010456199072000.000000 0.001042377 0.142581671 -0.008875307 -0.004810941 0.033315424 0.270424962 0.962152481
