1745010453592461056.000000 0.021836761 0.217648566 0.028542873 0.998544216 0.037574831 -0.036655240 0.012408077
1745010453694614016.000000 0.026523925 0.214587525 0.029440589 0.998963892 0.026323659 -0.034968931 0.012467708
1745010454001513984.000000 0.036021192 0.204095826 0.026203170 0.999396145 -0.009022274 -0.029273124 0.016406341
1745010454296218112.000000 0.040947203 0.191917956 0.027588878 0.998678148 -0.041332696 -0.025219714 0.017251115
1745010454601519104.000000 0.045678407 0.173790887 0.032232530 0.996831775 -0.075046435 -0.019747769 0.017450484
1745010454896800000.000000 0.051044475 0.158140048 0.031664897 0.994015515 -0.106320888 -0.016204439 0.019146549
1745010455200207872.000000 0.048762754 0.137102678 0.032235648 0.990271628 -0.136867568 -0.016726624 0.018700358
1745010455497049088.000000 0.044444013 0.114480861 0.036377132 0.985877693 -0.165812090 -0.012544991 0.019853286
1745010455803417088.000000 0.040164459 0.088901557 0.040592287 0.980374575 -0.195781350 -0.006334683 0.022253877
1745010456097393920.000000 0.034582078 0.075827964 0.041010160 0.974399149 -0.223436460 -0.000321231 0.024948943
1745010456199072000.000000 0.034343943 0.075835139 0.040454730 0.972074449 -0.233288825 0.001535223 0.025403097
