1744782638392150000
1744782638464481000
1744782638571857000
1744782638664693000
1744782638773185000
1744782638877243000
1744782638969070000
1744782639073391000
1744782639165297000
1744782639281375000
1744782639376185000
1744782639468754000
1744782639571174000
1744782639663811000
1744782639766809000
1744782639870647000
1744782639974253000
1744782640086820000
1744782640180524000
1744782640282740000
1744782640375290000
1744782640489005000
1744782640571888000
1744782640681610000
1744782640774682000
1744782640878032000
1744782640990604000
1744782641093308000
1744782641210353000
1744782641297948000
1744782641382646000
1744782641495725000
1744782641592408000
1744782641690015000
1744782641807051000
1744782641890018000
1744782641994415000
1744782642086680000
1744782642190356000
1744782642282646000
1744782642400014000
1744782642495457000
1744782642599304000
1744782642696961000
1744782642801652000
1744782642896933000
1744782643000291000
1744782643098803000
1744782643202506000
1744782643294542000
1744782643418953000
1744782643503604000
1744782643606542000
1744782643700837000
1744782643801492000
1744782643904146000
1744782644011672000
1744782644109815000
1744782644213170000
1744782644308164000
1744782644426213000
1744782644519324000
1744782644612404000
1744782644710492000
1744782644806870000
1744782644902448000
1744782645009849000
1744782645103081000
1744782645199652000
1744782645304292000
1744782645406152000
1744782645504974000
1744782645598713000
1744782645706425000
1744782645809204000
1744782645900586000
1744782646006417000
1744782646110705000
1744782646212859000
1744782646307084000
1744782646409875000
1744782646514941000
1744782646609629000
1744782646713387000
1744782646808968000
1744782646906552000
1744782647022727000
1744782647115813000
1744782647208079000
1744782647313068000
1744782647407644000
1744782647510554000
1744782647604174000
1744782647709579000
1744782647816246000
1744782647914681000
1744782648009861000
1744782648113695000
1744782648220280000
1744782648316293000
1744782648418559000
1744782648522956000
1744782648620398000
1744782648724966000
1744782648819794000
1744782648923433000
1744782649016412000
1744782649120961000
1744782649213768000
1744782649318658000
1744782649411865000
1744782649515409000
1744782649619499000
1744782649717482000
1744782649838522000
1744782649924830000
1744782650017836000
1744782650120149000
1744782650217089000
1744782650320850000
1744782650416481000
1744782650523304000
1744782650616969000
1744782652635042000
1744782653733997000
1744782654943962000
1744782655047295000
1744782655154934000
1744782655249976000
1744782655354244000
1744782655448311000
1744782655542990000
1744782655648436000
1744782655742573000
1744782655941309000
1744782656046061000
1744782656150084000
1744782656253007000
1744782656352687000
1744782656457118000
1744782656563245000
1744782656657100000
1744782656749287000
1744782656861926000
1744782656954855000
1744782657058911000
1744782657163131000
1744782657255977000
1744782657370614000
1744782657464019000
1744782657567486000
1744782657659497000
1744782657766141000
1744782657859086000
1744782657958764000
1744782658064496000
1744782658158556000
1744782658262496000
1744782658368777000
1744782658462999000
1744782658559331000
1744782658653755000
1744782658757572000
1744782658866700000
1744782658960295000
1744782659062894000
1744782659156546000
1744782659260089000
1744782659373379000
1744782659454787000
1744782659562224000
1744782659666979000
1744782659763239000
1744782659859669000
1744782659973344000
1744782660067554000
1744782661572311000
1744782664275759000
1744782665627923000
1744782668744396000
1744782668836911000
1744782668941563000
1744782669035325000
1744782669138763000
1744782669243666000
1744782669337560000
1744782669442866000
1744782669547072000
1744782669651935000
1744782669737469000
1744782669843298000
1744782669947262000
1744782670080526000
1744782670173281000
1744782670265901000
1744782670379365000
1744782670475134000
1744782670560091000
1744782670665827000
1744782670772379000
1744782670868603000
1744782670967220000
1744782671080910000
1744782671175955000
1744782671302687000
1744782671396169000
1744782671491422000
1744782671584590000
1744782671689249000
1744782671795278000
1744782671910067000
1744782671984856000
1744782672111051000
1744782672203502000
1744782672288195000
1744782672418120000
1744782672501696000
1744782672596079000
1744782672690439000
1744782672797568000
1744782672925073000
1744782673009689000
1744782673103748000
1744782673207524000
1744782673313828000
1744782673406448000
1744782673503428000
1744782673607185000
1744782673712791000
1744782673816732000
1744782673909748000
1744782674012715000
1744782674104572000
1744782674207444000
1744782674309861000
1744782674415843000
1744782674508796000
1744782674604401000
1744782674712586000
1744782674820303000
1744782675008843000
1744782675718000000
1744782678639502000
1744782681524135000
1744782681738786000
1744782681824319000
1744782681920376000
1744782682023208000
1744782682323623000
1744782682630664000
1744782682726561000
1744782683041498000
1744782683134819000
1744782683237940000
1744782683331899000
1744782683435143000
1744782683534729000
1744782683640172000
1744782683734257000
1744782683826410000
1744782683931355000
1744782684047080000
1744782684129522000
1744782684234020000
1744782684328962000
1744782684432795000
1744782684537686000
1744782684632852000
1744782684737561000
1744782684834855000
1744782684929953000
1744782685141975000
1744782687359975000
1744782687457601000
1744782687549382000
1744782687661532000
1744782687754192000
1744782687849338000
1744782687965930000
1744782688048691000
1744782688143887000
1744782688250226000
1744782688357108000
1744782688454404000
1744782688548735000
1744782688644507000
1744782688770058000
1744782688852777000
1744782688956634000
1744782689054580000
1744782689157147000
1744782689249923000
1744782689355070000
1744782689452438000
1744782689558233000
1744782689665516000
1744782689758472000
1744782689863828000
1744782689958568000
1744782690053264000
1744782690168672000
1744782690273733000
1744782690370211000
1744782690466575000
1744782690564026000
1744782690666553000
1744782690769499000
1744782690862442000
1744782690966881000
1744782691062242000
1744782691363431000
1744782691468284000
1744782691563133000
1744782691676955000
1744782691772397000
1744782691876799000
1744782691979111000
1744782692071651000
1744782692171911000
1744782692275374000
1744782692390122000
1744782692468279000
1744782692573371000
1744782692667033000
1744782692771023000
1744782692897486000
1744782692980522000
1744782693089450000
1744782693183716000
1744782693277211000
1744782693369417000
1744782693475200000
1744782693579169000
1744782693683135000
1744782693774801000
1744782693880337000
1744782694592824000
1744782695896864000
1744782695989873000
1744782696085036000
1744782696181014000
1744782696389349000
1744782696588521000
1744782696694022000
1744782696789476000
1744782696882709000
1744782696995779000
1744782697098316000
1744782697193353000
1744782697298614000
1744782697396386000
1744782697488989000
1744782697593898000
1744782697697219000
1744782697790840000
1744782697905338000
1744782698000625000
1744782698106462000
1744782698190567000
1744782698296649000
1744782698399731000
1744782698495295000
1744782698587591000
1744782698700253000
1744782698803442000
1744782698906909000
1744782699003461000
1744782699098409000
1744782699202699000
1744782699297474000
1744782699403858000
1744782699498135000
1744782699604602000
1744782699708749000
1744782699814233000
1744782699906116000
1744782700000986000
1744782700105203000
1744782700196936000
1744782700301685000
1744782700396369000
1744782700499625000
1744782700615487000
1744782700698318000
1744782700800998000
1744782700898888000
1744782701003650000
1744782701096486000
1744782701199016000
1744782701304058000
1744782701409998000
1744782701494021000
1744782701607370000
1744782703009262000
1744782706327026000
1744782707522694000
1744782707624808000
1744782707728177000
1744782707836196000
1744782707928956000
1744782708032250000
1744782708129407000
1744782708228286000
1744782708322116000
1744782708429065000
1744782708520943000
1744782708623849000
1744782708726458000
1744782708829455000
1744782708925428000
1744782709027342000
1744782709132999000
1744782709238065000
1744782709321856000
1744782709436662000
1744782709534846000
1744782709638426000
1744782709734123000
1744782709827344000
1744782709925429000
1744782710035179000
1744782710138799000
1744782710232472000
1744782710335209000