1744775951610920000
1744775951714188000
1744775951807050000
1744775951910518000
1744775952012954000
1744775952115245000
1744775952207312000
1744775952310173000
1744775952414690000
1744775952518536000
1744775952623989000
1744775952716454000
1744775952809403000
1744775952912540000
1744775953025325000
1744775953119512000
1744775953211987000
1744775953314662000
1744775953419996000
1744775953512402000
1744775953616214000
1744775953729088000
1744775953821958000
1744775953913779000
1744775954016069000
1744775954119078000
1744775954223421000
1744775954337898000
1744775954420199000
1744775954513918000
1744775954618346000
1744775954722147000
1744775954817819000
1744775954915826000
1744775955023978000
1744775955119509000
1744775955222108000
1744775955324274000
1744775955425985000
1744775955530658000
1744775955626861000
1744775955720546000
1744775955823427000
1744775955928895000
1744775956020977000
1744775956123107000
1744775956215925000
1744775956319707000
1744775956421605000
1744775956513830000
1744775956629329000
1744775956724144000
1744775956828499000
1744775956912329000
1744775957016969000
1744775957119708000
1744775957212875000
1744775957317401000
1744775957421070000
1744775957536889000
1744775957630474000
1744775957717424000
1744775957819910000
1744775957945944000
1744775958020510000
1744775958125074000
1744775958218196000
1744775958321969000
1744775958425806000
1744775958529012000
1744775958633556000
1744775958737982000
1744775958831468000
1744775958925617000
1744775959031764000
1744775959133786000
1744775959226379000
1744775959331185000
1744775959423898000
1744775959519904000
1744775959622827000
1744775959730184000
1744775959833667000
1744775959929789000
1744775960034800000
1744775960130921000
1744775960235266000
1744775960346133000
1744775960439844000
1744775960533546000
1744775960637258000
1744775960740100000
1744775960836183000
1744775960931149000
1744775961034753000
1744775961137982000
1744775961242001000
1744775961334890000
1744775961438217000
1744775961540464000
1744775961636109000
1744775961739599000
1744775961834781000
1744775961926900000
1744775962054372000
1744775962135943000
1744775962238492000
1744775962342476000
1744775962439859000
1744775962536340000
1744775962639649000
1744775962734154000
1744775962837949000
1744775962943027000
1744775963046136000
1744775963139174000
1744775963244550000
1744775963348071000
1744775963445847000
1744775963549776000
1744775963645647000
1744775963747895000
1744775963850225000
1744775963942933000
1744775964047597000
1744775964151063000
1744775964256520000
1744775964350501000
1744775964442454000
1744775964562496000
1744775964645304000
1744775964749459000
1744775964857284000
1744775964962846000
1744775965056655000
1744775965159049000
1744775965252196000
1744775965366196000
1744775965450526000
1744775965553863000
1744775965656575000
1744775965760256000
1744775965854540000
1744775965958716000
1744775966053995000
1744775966159379000
1744775966262464000
1744775966354328000
1744775966458065000
1744775966560711000
1744775966653986000
1744775966757870000
1744775966862264000
1744775966973265000
1744775967057356000
1744775967163786000
1744775967267494000
1744775967361636000
1744775967468421000
1744775967552285000
1744775967655374000
1744775967768101000
1744775967861852000
1744775967977391000
1744775968072778000
1744775968167761000
1744775968272373000
1744775968364561000
1744775968470603000
1744775968564122000
1744775968668395000
1744775968771086000
1744775968873796000
1744775968967359000
1744775969070211000
1744775969176568000
1744775969269036000
1744775969362632000
1744775969468413000
1744775969570757000
1744775969663643000
1744775969768445000
1744775969860457000
1744775969965578000
1744775970081334000
1744775970174322000
1744775970269242000
1744775970362131000
1744775970468519000
1744775970574497000
1744775970669938000
1744775970763257000
1744775970876072000
1744775970961865000
1744775971064558000
1744775971160402000
1744775971264247000
1744775971367586000
1744775971472237000
1744775971575338000
1744775971671346000
1744775971774063000
1744775971866082000
1744775971967940000
1744775972081745000
1744775972164568000
1744775972277825000
1744775972370349000
1744775972472688000
1744775972567897000
1744775972675583000
1744775972774292000
1744775972876445000
1744775972972812000
1744775973076619000
1744775973168406000
1744775973271809000
1744775973376581000
1744775973474157000
1744775973576455000
1744775973678965000
1744775973771147000
1744775973874264000
1744775973968327000
1744775974081628000
1744775974174002000
1744775974299638000
1744775974381650000
1744775974473248000
1744775974578758000
1744775974681957000
1744775974776785000
1744775974878897000
1744775974972038000
1744775975076664000
1744775975189450000
1744775975281953000
1744775975374712000
1744775975477497000
1744775975582826000
1744775975677389000
1744775975781443000
1744775975874747000
1744775975987702000
1744775976089561000
1744775976183982000
1744775976288513000
1744775976382033000
1744775979210919000
1744775979997701000
1744775980111680000
1744775980204970000
1744775980307832000
1744775980399887000
1744775980503851000
1744775980608632000
1744775980702213000
1744775980804728000
1744775980917175000
1744775981009869000
1744775981113322000
1744775981214149000
1744775981309535000
1744775981427690000
1744775981519894000
1744775981612235000
1744775981716827000
1744775981820096000
1744775981914676000
1744775982016716000
1744775982121268000
1744775982217046000
1744775982312917000
1744775982426515000
1744775982529393000
1744775982623992000
1744775982720149000
1744775982821982000
1744775982916374000
1744775983020767000
1744775983113333000
1744775983218144000
1744775983311757000
1744775983436650000
1744775983518948000
1744775983614073000
1744775983726457000
1744775983829877000
1744775983931818000
1744775984016001000
1744775984128798000
1744775984233052000
1744775984326112000
1744775984421132000
1744775984525708000
1744775984619154000
1744775984723064000
1744775984825396000
1744775984928059000
1744775985020337000
1744775985123470000
1744775985226641000
1744775985320245000
1744775985424056000
1744775985531259000
1744775985624064000
1744775985726592000
1744775985830380000
1744775985923286000
1744775986026007000
1744775986119648000
1744775986224122000
1744775986326172000
1744775986420596000
1744775986524837000
1744775986628277000
1744775986721239000
1744775986828572000
1744775986931310000
1744775987025778000
1744775987133712000
1744775987228365000
1744775987334954000
1744775987439082000
1744775987520921000
1744775987634623000
1744775987728834000
1744775987832439000
1744775987927308000
1744775988029848000
1744775988133163000
1744775988228877000
1744775988331825000
1744775988434476000
1744775988520226000
1744775988623605000
1744775988729069000
1744775988830011000
1744775988933344000
1744775989025491000
1744775989129866000
1744775989237404000
1744775989332098000
1744775989433897000
1744775989532376000
1744775989636379000
1744775989739925000
1744775989833625000
1744775989927555000
1744775990031946000
1744775990134495000
1744775990236880000
1744775990342199000
1744775990435639000
1744775990538336000
1744775990640103000
1744775990745478000
1744775993941964000
1744775995555211000
1744775997160756000
1744775997454388000
1744775997654199000
1744775997767836000
1744775997851206000
1744775997956215000
1744775998071215000
1744775998167665000
1744775998259788000
1744775998354434000
1744775998469359000
1744775998561788000
1744775998666119000
1744775998768862000
1744775998861282000
1744775998974539000
1744775999066011000
1744775999159962000
1744775999283548000
1744775999375887000
1744775999470055000
1744775999566875000
1744775999658736000
1744775999763330000
1744775999879862000
1744775999972792000
1744776000077869000
1744776000171829000
1744776000264509000
1744776000366761000
1744776000471404000
1744776000574788000
1744776000670885000
1744776000774462000
1744776000870984000
1744776000986115000
1744776001070483000
1744776001187874000
1744776001260353000
1744776001385033000
1744776001467352000
1744776001574529000
1744776001667531000
1744776001770984000
1744776001874808000
1744776001968081000
1744776002076330000
1744776002179553000
1744776002283094000
1744776002377663000
1744776002470104000
1744776002574478000
1744776002677076000
1744776002779966000
1744776002878470000
1744776002981459000
1744776003084797000
1744776003179202000
1744776003271905000
1744776003374573000
1744776003477563000
1744776003580455000
1744776003673736000
1744776003788647000
1744776003881692000
1744776003996425000
1744776004081356000
1744776004177150000
1744776004283680000
1744776004376062000
1744776004488236000
1744776004594201000
1744776004685983000
1744776004777918000
1744776004882247000
1744776004977934000
1744776005082592000
1744776005185833000
1744776005281489000
1744776005384710000
1744776005486794000
1744776005578808000
1744776005694901000
1744776005787593000
1744776005884135000
1744776005987675000
1744776006090602000
1744776006195932000
1744776006299102000
1744776006384561000
1744776006488963000
1744776006593100000
1744776006699244000
1744776006803163000
1744776006884393000
1744776006989336000
1744776007093977000
1744776007186723000
1744776007289774000
1744776007384449000
1744776007487595000
1744776007593905000
1744776007698361000
1744776007791039000
1744776007894709000
1744776007999707000
1744776008085094000
1744776008198053000
1744776008303111000
1744776008389865000
1744776008497215000
1744776008598105000
1744776008703259000
1744776008809138000
1744776008901573000
1744776009009956000
1744776009106133000
1744776009200336000
1744776009315375000
1744776009408513000
1744776009510756000
1744776009612694000
1744776009708129000
1744776009811526000
1744776009904263000
1744776010008947000
1744776010114857000
1744776010211144000
1744776010316740000
1744776010409655000
1744776010502157000
1744776010615134000
1744776010709252000
1744776010801235000
1744776010915280000
1744776011010783000
1744776011116204000
1744776011248574000
1744776011312589000
1744776011415699000
1744776011519701000
1744776011616423000
1744776011720843000
1744776011816081000
1744776011914040000
1744776012016703000
1744776012111995000
1744776012215386000
1744776012331015000
1744776012424154000
1744776012517417000
1744776012612050000
1744776012716174000
1744776012821421000
1744776012915398000
1744776013019347000
1744776013114681000
1744776013220425000
1744776013315448000
1744776013419103000
1744776013524381000
1744776013616199000
1744776013732146000
1744776013837878000
1744776013920433000
1744776014025701000
1744776014120269000
1744776014224709000
1744776014327276000
1744776014424872000
1744776014920464000
1744776015023888000
1744776016329229000
1744776016434129000
1744776016527839000
1744776016631463000
1744776016723753000
1744776016827042000
1744776016932266000
1744776017024826000
1744776017130816000
1744776017223016000
1744776017330158000
1744776017425174000
1744776017529105000
1744776017634629000
1744776017730215000
1744776017824559000
1744776017936933000
1744776018041744000
1744776018135630000
1744776018228680000
1744776018333162000
1744776018435387000
1744776018538018000
1744776018633370000
1744776018739385000
1744776018835411000
1744776018939989000
1744776019032950000
1744776019140272000
1744776019244436000
1744776019338107000
1744776019459298000
1744776019541447000
1744776019644678000
1744776019749698000
1744776019843083000
1744776019946676000
1744776020039854000
1744776020142924000
1744776020241018000
1744776020345497000
1744776020448478000
1744776020553537000
1744776020646843000
1744776020749854000
1744776020855129000
1744776020958694000
1744776021053382000
1744776021147013000
1744776021250665000
1744776021375858000
1744776021451641000
1744776021553797000
1744776021656355000
1744776021749187000
1744776021864253000
1744776021946469000
1744776022058962000
1744776022152887000
1744776022257982000
1744776022360556000
1744776022454123000
1744776022557692000
1744776022653572000
1744776022757445000
1744776022861868000
1744776022957514000
1744776023050555000
1744776023163074000
1744776023257806000
1744776023360105000
1744776023475365000
1744776023557841000
1744776023664644000
1744776023769873000
1744776023874917000
1744776023967112000
1744776024071455000
1744776024166176000
1744776024269856000
1744776024362721000
1744776024467112000
1744776024563799000
1744776024668111000
1744776024772024000
1744776024864101000
1744776024977723000
1744776025080773000
1744776025174624000
1744776025279110000
1744776025372980000
1744776025475818000
1744776025579417000
1744776025675334000
1744776025778120000
1744776025882326000
1744776025984462000
1744776026076909000
1744776026169025000
1744776026277726000
1744776026377085000
1744776026469526000
1744776026572473000
1744776026679638000
1744776026783612000
1744776026876010000
1744776026971016000
1744776027085923000
1744776027181755000
1744776027274886000
1744776027377256000
1744776027479475000
1744776027584745000
1744776027678008000
1744776027782450000
1744776027875963000
1744776027980743000
1744776028083239000
1744776028176949000
1744776028279061000
1744776028391077000
1744776028483899000
1744776028590387000
1744776028693860000
1744776028789303000
1744776028893664000
1744776028985784000
1744776029089789000
1744776029183446000
1744776029287193000
1744776029390881000
1744776029484844000
1744776029589646000
1744776029693681000
1744776029798883000
1744776029901395000
1744776029993382000
1744776030087257000
1744776030202567000
1744776030312396000
1744776030396137000
1744776030487898000
1744776030592875000
1744776030695443000
1744776030809566000
1744776030897222000
1744776031011274000
1744776031093277000
1744776031207798000
1744776031302479000
1744776031405856000
1744776031508986000
1744776031602352000
1744776031708286000
1744776031802394000
1744776031897940000
1744776032012000000
1744776032104996000
1744776032208240000
1744776032307412000
1744776032409662000
1744776032512187000
1744776032604066000
1744776032707531000
1744776032801221000
1744776032904000000
1744776033017653000
1744776033110488000
1744776033203983000
1744776033318198000
1744776033411297000
1744776033504826000
1744776033611121000
1744776033703026000
1744776033815868000
1744776033908199000
1744776034012820000
1744776034115381000
1744776034198115000
1744776034322996000
1744776034406030000
1744776034500549000
1744776034613748000
1744776034708359000
1744776034810823000
1744776034905329000
1744776034999972000
1744776035113363000
1744776035205821000
1744776035315639000
1744776035407518000
1744776035501607000
1744776035617337000
1744776035720996000
1744776035805157000
1744776035913648000
1744776036016306000
1744776036108595000
1744776036211166000
1744776036313006000
1744776036416701000
1744776036512049000
1744776036618247000
1744776036712473000
1744776036814377000
1744776036920354000
1744776037014386000
1744776037117482000
1744776037220534000
1744776037313345000
1744776037430210000
1744776037512332000
1744776037615944000