1744771667464952000
1744771667566927000
1744771667671490000
1744771667834698000
1744771667927255000
1744771668019320000
1744771668110761000
1744771668213507000
1744771668305275000
1744771668406828000
1744771668508709000
1744771668610011000
1744771668711182000
1744771668812569000
1744771668903631000
1744771669004887000
1744771669106142000
1744771669207319000
1744771669308667000
1744771669410301000
1744771669512292000
1744771669613939000
1744771669705234000
1744771669807313000
1744771669908918000
1744771670010488000
1744771670112153000
1744771670203717000
1744771670305426000
1744771670407598000
1744771670511222000
1744771670614553000
1744771670707492000
1744771670813166000
1744771670904953000
1744771671007317000
1744771671111690000
1744771671213990000
1744771671315960000
1744771671408007000
1744771671512732000
1744771671616121000
1744771671718994000
1744771671810102000
1744771671911535000
1744771672012737000
1744771672135306000
1744771672227810000
1744771672319357000
1744771672421614000
1744771672512764000
1744771672614236000
1744771672716042000
1744771672817512000
1744771672918881000
1744771673020320000
1744771673111380000
1744771673212989000
1744771673314331000
1744771673425634000
1744771673517314000
1744771673618686000
1744771673710810000
1744771673823129000
1744771673914267000
1744771674019452000
1744771674120557000
1744771674211527000
1744771674312710000
1744771674413818000
1744771674514909000
1744771674615977000
1744771674719368000
1744771674820369000
1744771674921476000
1744771675012434000
1744771675113603000
1744771675214651000
1744771675319454000
1744771675414297000
1744771675515330000
1744771675616846000
1744771675719314000
1744771675821799000
1744771675923426000
1744771676025164000
1744771676116617000
1744771676218193000
1744771676319758000
1744771676421285000
1744771676522782000
1744771676614075000
1744771676715623000
1744771676817380000
1744771676920069000
1744771677021731000
1744771677127285000
1744771677229560000
1744771677320882000
1744771677423363000
1744771677524891000
1744771677619219000
1744771677720857000
1744771677823664000
1744771677925948000
1744771678027744000
1744771678119847000
1744771678223257000
1744771678325650000
1744771678427363000
1744771678519456000
1744771678621877000
1744771678723832000
1744771678825966000
1744771678917500000
1744771679019253000
1744771679121195000
1744771679224700000
1744771679326448000
1744771679417774000
1744771679519335000
1744771679621125000
1744771679723385000
1744771679826084000
1744771679917750000
1744771680020306000
1744771680121961000
1744771680224330000
1744771680326077000
1744771680417618000
1744771680519581000
1744771680621349000
1744771680722936000
1744771680824915000
1744771680927055000
1744771681018555000
1744771681120944000
1744771681223347000
1744771681326468000
1744771681419083000
1744771681523056000
1744771681624698000
1744771681737983000
1744771681829339000
1744771681930553000
1744771682026943000
1744771682150756000
1744771682232624000
1744771682325919000
1744771682430922000
1744771682521899000
1744771682625277000
1744771682727449000
1744771682829260000
1744771682930612000
1744771683025244000
1744771683126396000
1744771683238127000
1744771683329588000
1744771683430917000
1744771683532252000
1744771683633569000
1744771683724995000
1744771683826921000
1744771683928763000
1744771684030195000
1744771684131622000
1744771684222823000
1744771684324212000
1744771684426096000
1744771684527525000
1744771684628871000
1744771684730366000
1744771684832240000
1744771684925301000
1744771685027291000
1744771685129318000
1744771685231456000
1744771685333198000
1744771685425282000
1744771685528970000
1744771685631118000
1744771685722662000
1744771685824786000
1744771685928357000
1744771686033264000
1744771686124452000
1744771686229447000
1744771686331076000
1744771686422961000
1744771686524504000
1744771686626199000
1744771686728271000
1744771686830727000
1744771686932791000
1744771687024334000
1744771687193340000
1744771687264332000
1744771687355492000
1744771687456902000
1744771687558132000
1744771687660072000
1744771687751772000
1744771687853798000
1744771687955488000
1744771688057055000
1744771688158594000
1744771688260164000
1744771688554424000
1744771689357191000
1744771689458788000
1744771689560231000
1744771689662265000
1744771689763789000
1744771689855048000
1744771689966585000
1744771690058455000
1744771690160137000
1744771690261536000
1744771690354981000
1744771690456252000
1744771690567685000
1744771690659250000
1744771690760717000
1744771690862419000
1744771690964003000
1744771691065591000
1744771691157264000
1744771691258530000
1744771691359965000
1744771691461279000
1744771691562510000
1744771691663689000
1744771691765442000
1744771691866894000
1744771691957981000
1744771692069525000
1744771692196955000
1744771692267939000
1744771692359125000
1744771692460429000
1744771692561992000
1744771692663453000
1744771692765166000
1744771692866831000
1744771692958350000
1744771693070218000
1744771693162176000
1744771693265034000
1744771693366575000
1744771693468410000
1744771693570323000
1744771693661667000
1744771693764069000
1744771693865742000
1744771693967611000
1744771694069396000
1744771694160869000
1744771694272464000
1744771694363860000
1744771694467606000
1744771694559223000
1744771694661285000
1744771694764873000
1744771694867874000
1744771694969694000
1744771695061254000
1744771695163411000
1744771695265267000
1744771695367188000
1744771695468877000
1744771695570903000
1744771695672423000
1744771695763841000
1744771695867986000
1744771695969733000
1744771696072657000
1744771696164030000
1744771696265880000
1744771696367467000
1744771696469021000
1744771696571444000
1744771696673354000
1744771696765888000
1744771696867941000
1744771696970457000
1744771697072522000
1744771697200131000
1744771697271513000
1744771697372944000
1744771697464217000
1744771697565741000
1744771697667275000
1744771697769178000
1744771697870665000
1744771697971934000
1744771698073614000
1744771698175562000
1744771698277335000
1744771698379379000
1744771698470994000
1744771698572767000
1744771698674619000
1744771698776294000
1744771698878407000
1744771698969829000
1744771699081293000
1744771699173302000
1744771699275019000
1744771699386792000
1744771699478095000
1744771699583410000
1744771699685017000
1744771699776064000
1744771699877422000
1744771699978689000
1744771700079992000
1744771700182275000
1744771700275022000
1744771700377260000
1744771700479864000
1744771700583982000
1744771700675475000
1744771700777377000
1744771700879317000
1744771700981229000
1744771701083953000
1744771701185548000
1744771701276995000
1744771701379484000
1744771701482048000
1744771701583739000
1744771701675592000
1744771701777842000
1744771701880097000
1744771701982098000
1744771702083893000
1744771702221703000
1744771702282899000
1744771702384603000
1744771702486247000
1744771702577868000
1744771702679564000
1744771702782574000
1744771702884659000
1744771702976252000
1744771703079831000
1744771703183224000
1744771703284876000
1744771703386859000
1744771703479397000
1744771703581035000
1744771703682699000
1744771703784126000
1744771703885869000
1744771703980042000
1744771704081953000
1744771704183766000
1744771704286097000
1744771704387713000
1744771704489187000
1744771704580589000
1744771704682301000
1744771704784183000
1744771704886931000
1744771704978401000
1744771705079932000
1744771705182812000
1744771705284770000
1744771705386215000
1744771705487925000
1744771705589854000
1744771705681448000
1744771705783547000
1744771705885062000
1744771705986908000
1744771706088301000
1744771706179750000
1744771706281692000
1744771706383518000
1744771706486776000
1744771706588642000
1744771706679968000
1744771706782882000
1744771706884350000
1744771706985827000
1744771707087388000
1744771707212682000
1744771707293983000
1744771707385779000
1744771707487454000
1744771707589144000
1744771707690875000
1744771707782793000
1744771707885237000
1744771707988139000
1744771708090061000
1744771708181607000
1744771708287130000
1744771708391427000
1744771708492639000
1744771708583681000
1744771708695129000
1744771708787318000
1744771708889985000
1744771708984359000
1744771709085516000
1744771709187167000
1744771709295324000
1744771709386281000
1744771709489249000
1744771709590414000
1744771709695382000
1744771709789316000
1744771709893224000
1744771709989280000
1744771710091104000
1744771710195132000
1744771710297252000
1744771710388207000
1744771710491151000
1744771710595128000
1744771710696368000
1744771710797532000
1744771710888613000
1744771710992113000
1744771711093240000
1744771711199369000
1744771711290559000
1744771711391925000
1744771711493451000
1744771711595289000
1744771711697814000
1744771711799533000
1744771711902041000
1744771712003514000
1744771712104950000
1744771712228971000
1744771712310830000
1744771712412033000
1744771712513402000
1744771712605249000
1744771712707058000
1744771712808690000
1744771712910917000
1744771713013128000
1744771713106893000
1744771713208376000
1744771713311231000
1744771713412635000
1744771713506914000
1744771713608299000
1744771713711162000
1744771713813200000
1744771713905331000
1744771714009190000
1744771714121509000
1744771714212803000
1744771714305089000
1744771714406858000
1744771714508766000
1744771714610884000
1744771714712761000
1744771714819127000
1744771714911924000
1744771715013734000
1744771715115235000
1744771715206288000
1744771715308037000
1744771715410520000
1744771715504879000
1744771715616624000
1744771715707838000
1744771715809464000
1744771715912113000
1744771716013906000
1744771716115877000
1744771716206998000
1744771716308994000
1744771716411159000
1744771716512707000
1744771716614855000
1744771716716405000
1744771716817999000
1744771716909233000
1744771717010608000
1744771717124232000
1744771717231328000
1744771717312435000
1744771717413801000
1744771717515079000
1744771717616446000
1744771717717735000
1744771717813032000
1744771717914156000
1744771718021247000
1744771718112210000
1744771718217286000
1744771718308317000
1744771718409371000
1744771718513286000
1744771718615476000
1744771718709252000
1744771718810372000
1744771718913275000
1744771719017221000
1744771719118371000
1744771719219616000
1744771719313264000
1744771719417485000
1744771719519798000
1744771719621186000
1744771719712593000
1744771719814666000
1744771719916736000
1744771720018484000
1744771720109965000
1744771720211923000
1744771720313895000
1744771720415742000
1744771720518482000
1744771720620509000
1744771720723162000
1744771720825401000
1744771720928412000
1744771721031055000
1744771721123858000
1744771721226157000
1744771721328367000
1744771721430634000
1744771721521969000
1744771721623706000
1744771721715739000
1744771721818162000
1744771721919585000
1744771722021266000
1744771722124015000
1744771722242001000
1744771722323388000
1744771722424694000
1744771722525926000
1744771722617423000
1744771722726247000
1744771722828619000
1744771722920100000
1744771723022035000
1744771723123755000
1744771723228372000
1744771723320076000
1744771723422422000
1744771723525470000
1744771723621459000
1744771723722813000
1744771723824987000
1744771723927071000
1744771724029331000
1744771724120840000
1744771724223399000
1744771724327667000
1744771724429267000
1744771724522499000
1744771724624518000
1744771724726431000
1744771724828539000
1744771724930283000
1744771725031956000
1744771725124033000
1744771725228405000
1744771725330269000
1744771725422731000
1744771725525208000
1744771725628176000
1744771725730326000
1744771725821692000
1744771725924025000
1744771726026738000
1744771726130015000
1744771726232327000
1744771726324725000
1744771726426584000
1744771726523109000
1744771726628060000
1744771726730582000
1744771726832097000
1744771726923264000
1744771727025636000
1744771727138361000
1744771727242350000
1744771727324949000
1744771727427024000
1744771727529044000
1744771727631059000
1744771727732564000
1744771727825456000
1744771727927043000
1744771728028893000
1744771728132030000
1744771728233545000
1744771728324889000
1744771728426821000
1744771728530026000
1744771728631781000
1744771728733338000
1744771728835023000
1744771728936473000
1744771729027929000
1744771729129527000
1744771729231200000
1744771729332509000
1744771729434118000
1744771729535648000
1744771729636922000
1744771729728417000
1744771729830247000
1744771729931914000
1744771730033868000
1744771730135396000
1744771730226806000
1744771730329069000
1744771730430904000
1744771730532282000
1744771730635011000
1744771730736538000
1744771730838012000
1744771730939565000
1744771731030907000
1744771731132654000
1744771731234258000
1744771731336235000
1744771731437854000
1744771731529406000