1744767734453320000
1744767734544256000
1744767734657508000
1744767734761809000
1744767734854529000
1744767734945432000
1744767735046806000
1744767735148035000
1744767735245158000
1744767735356450000
1744767735448166000
1744767735551087000
1744767735652444000
1744767735754262000
1744767735845260000
1744767735947972000
1744767736050829000
1744767736153458000
1744767736254469000
1744767736345450000
1744767736456895000
1744767736549867000
1744767736651220000
1744767736752663000
1744767736853665000
1744767736954914000
1744767737055983000
1744767737146880000
1744767737247972000
1744767737349084000
1744767737450737000
1744767737553677000
1744767737655736000
1744767737747561000
1744767737850359000
1744767737951592000
1744767738053393000
1744767738154885000
1744767738256050000
1744767738350901000
1744767738454949000
1744767738548073000
1744767738649278000
1744767738750647000
1744767738862107000
1744767738953450000
1744767739055048000
1744767739156663000
1744767739258435000
1744767739360059000
1744767739451077000
1744767739552724000
1744767739655275000
1744767739780044000
1744767739854454000
1744767739955897000
1744767740058339000
1744767740160939000
1744767740252040000
1744767740353339000
1744767740454578000
1744767740557906000
1744767740659321000
1744767740750479000
1744767740852005000
1744767740953957000
1744767741055563000
1744767741158513000
1744767741259664000
1744767741350616000
1744767741462016000
1744767741553513000
1744767741656094000
1744767741757826000
1744767741859012000
1744767741960646000
1744767742062678000
1744767742153660000
1744767742255223000
1744767742358192000
1744767742460150000
1744767742561644000
1744767742663312000
1744767742755469000
1744767742858052000
1744767742960046000
1744767743061985000
1744767743163086000
1744767743254192000
1744767743355604000
1744767743459029000
1744767743562891000
1744767743664467000
1744767743756077000
1744767743857700000
1744767743962356000
1744767744063529000
1744767744164760000
1744767744255884000
1744767744357584000
1744767744459627000
1744767744563704000
1744767744656305000
1744767744785604000
1744767744856894000
1744767744957989000
1744767745059357000
1744767745160874000
1744767745263991000
1744767745365754000
1744767745457641000
1744767745558929000
1744767745660567000
1744767745762648000
1744767745863951000
1744767745966355000
1744767746067737000
1744767746158817000
1744767746260235000
1744767746362332000
1744767746463985000
1744767746565504000
1744767746656606000
1744767746757728000
1744767746861078000
1744767746962935000
1744767747066489000
1744767747170074000
1744767747272032000
1744767747363570000
1744767747465282000
1744767747566883000
1744767747668237000
1744767747759242000
1744767747862436000
1744767747963699000
1744767748065088000
1744767748166340000
1744767748267707000
1744767748368990000
1744767748459964000
1744767748562694000
1744767748665028000
1744767748766737000
1744767748868073000
1744767748959260000
1744767749060943000
1744767749163432000
1744767749264787000
1744767749365970000
1744767749467926000
1744767749569416000
1744767749671421000
1744767749794922000
1744767749876885000
1744767749968689000
1744767750070938000
1744767750162076000
1744767750263423000
1744767750365959000
1744767750468291000
1744767750569636000
1744767750671889000
1744767750763609000
1744767750875057000
1744767750966165000
1744767751067505000
1744767751168573000
1744767751270812000
1744767751372187000
1744767751463369000
1744767751564921000
1744767751666140000
1744767751767308000
1744767751869257000
1744767751971998000
1744767752073752000
1744767752165094000
1744767752267190000
1744767752369524000
1744767752472377000
1744767752564794000
1744767752666140000
1744767752767458000
1744767752869136000
1744767752970622000
1744767753071995000
1744767753163789000
1744767753265615000
1744767753366893000
1744767753468232000
1744767753569711000
1744767753671469000
1744767753773262000
1744767753875397000
1744767753966305000
1744767754067704000
1744767754169961000
1744767754271903000
1744767754373218000
1744767754474713000
1744767754565672000
1744767754667146000
1744767754790707000
1744767754872937000
1744767754975263000
1744767755077911000
1744767755168837000
1744767755270122000
1744767755373547000
1744767755474878000
1744767755576278000
1744767755677618000
1744767755768597000
1744767755869836000
1744767755971291000
1744767756073176000
1744767756174570000
1744767756276359000
1744767756377866000
1744767756468965000
1744767756571167000
1744767756677015000
1744767756778387000
1744767756870504000
1744767756971734000
1744767757074877000
1744767757177127000
1744767757278542000
1744767757370172000
1744767757471591000
1744767757575026000
1744767757676678000
1744767757778182000
1744767757879322000
1744767757981106000
1744767758082282000
1744767758173508000
1744767758274731000
1744767758377199000
1744767758479748000
1744767758571304000
1744767758682750000
1744767758773692000
1744767758874824000
1744767758986931000
1744767759079804000
1744767759172593000
1744767759274619000
1744767759375935000
1744767759477114000
1744767759578878000
1744767759680256000
1744767759795191000
1744767759887181000
1744767759989185000
1744767760080767000
1744767760182788000
1744767760274484000
1744767760375756000
1744767760477020000
1744767760583342000
1744767760685708000
1744767760777165000
1744767760888641000
1744767760979667000
1744767761081348000
1744767761183470000
1744767761276113000
1744767761381262000
1744767761483912000
1744767761585144000
1744767761676293000
1744767761778016000
1744767761880753000
1744767761982095000
1744767762084013000
1744767762185229000
1744767762276188000
1744767762377422000
1744767762481305000
1744767762583277000
1744767762684546000
1744767762785808000
1744767762876919000
1744767762980050000
1744767763081557000
1744767763183672000
1744767763285300000
1744767763381180000
1744767763483529000
1744767763586023000
1744767763687408000
1744767763780320000
1744767763885281000
1744767763986642000
1744767764088035000
1744767764179362000
1744767764280583000
1744767764381979000
1744767764484959000
1744767764586601000
1744767764682955000
1744767764800078000
1744767764894904000
1744767764996018000
1744767765097360000
1744767765188472000
1744767765279913000
1744767765381187000
1744767765483041000
1744767765584641000
1744767765688397000
1744767765780876000
1744767765892242000
1744767765983252000
1744767766084885000
1744767766188546000
1744767766290015000
1744767766391111000
1744767766482875000
1744767766585211000
1744767766687562000
1744767766789096000
1744767766880255000
1744767766982111000
1744767767085631000
1744767767187956000
1744767767292851000
1744767767383983000
1744767767487409000
1744767767588863000
1744767767690131000
1744767767791589000
1744767767882699000
1744767767984345000
1744767768085924000
1744767768187085000
1744767768288726000
1744767768390209000
1744767768483749000
1744767768585226000
1744767768687248000
1744767768789295000
1744767768891024000
1744767768992049000
1744767769093097000
1744767769184363000
1744767769285493000
1744767769386615000
1744767769487984000
1744767769589115000
1744767769690586000
1744767769815949000
1744767769897596000
1744767769989303000
1744767770092992000
1744767770196545000
1744767770289798000
1744767770391298000
1744767770493135000
1744767770594279000
1744767770685306000
1744767770787168000
1744767770888424000
1744767770990854000
1744767771092375000
1744767771193504000
1744767771284736000
1744767771386523000
1744767771487977000
1744767771589451000
1744767771691166000
1744767771794135000
1744767771895481000
1744767771986458000
1744767772088060000
1744767772190310000
1744767772293006000
1744767772394431000
1744767772496190000
1744767772598104000
1744767772689052000
1744767772791917000
1744767772893037000
1744767772995430000
1744767773089081000
1744767773190410000
1744767773294140000
1744767773396170000
1744767773487404000
1744767773589974000
1744767773691389000
1744767773794464000
1744767773895900000
1744767773997316000
1744767774088426000
1744767774200063000
1744767774291142000
1744767774396399000
1744767774489277000
1744767774591285000
1744767774692958000
1744767774817407000
1744767774899460000
1744767774992226000
1744767775093361000
1744767775204533000
1744767775306134000
1744767775397011000
1744767775498291000
1744767775600678000
1744767775702227000
1744767775793363000
1744767775895860000
1744767775998330000
1744767776099637000
1744767776201439000
1744767776302925000
1744767776394413000
1744767776496119000
1744767776600235000
1744767776701730000
1744767776793794000
1744767776895903000
1744767776997088000
1744767777100658000
1744767777202268000
1744767777293622000
1744767777405038000
1744767777498228000
1744767777600153000
1744767777703513000
1744767777796790000
1744767777899037000
1744767778001424000
1744767778104518000
1744767778205955000
1744767778297202000
1744767778398564000
1744767778499774000
1744767778601501000
1744767778702865000
1744767778804769000
1744767778896091000
1744767778997403000
1744767779098687000
1744767779199898000
1744767779301171000
1744767779402513000
1744767779504891000
1744767779606756000
1744767779708160000
1744767779823010000
1744767779904512000
1744767780006903000
1744767780108329000
1744767780199639000
1744767780312353000
1744767780403762000
1744767780505046000
1744767780606406000
1744767780697811000
1744767780801001000
1744767780903794000
1744767781005562000
1744767781106901000
1744767781208098000
1744767781299192000
1744767781400404000
1744767781503325000
1744767781604855000
1744767781707921000
1744767781809222000
1744767781910539000
1744767782003184000
1744767782105317000
1744767782207203000
1744767782308721000
1744767782399771000
1744767782511284000
1744767782604801000
1744767782706307000
1744767782797954000
1744767782899702000
1744767783000993000
1744767783103323000
1744767783206545000
1744767783307791000
1744767783409335000
1744767783510724000
1744767783602681000
1744767783704395000
1744767783806661000
1744767783908182000
1744767784009515000
1744767784110680000
1744767784201866000
1744767784303759000
1744767784406594000
1744767784508043000
1744767784611527000
1744767784703210000
1744767784822650000
1744767784905661000
1744767785007823000
1744767785111309000
1744767785212964000
1744767785304390000
1744767785418836000
1744767785511536000
1744767785604333000
1744767785706275000
1744767785807928000
1744767785910059000
1744767786012599000
1744767786113991000
1744767786215162000
1744767786306261000
1744767786407595000
1744767786510339000
1744767786611720000
1744767786712866000
1744767786814206000
1744767786905220000
1744767787007805000
1744767787109055000
1744767787215334000
1744767787306525000
1744767787409175000
1744767787511496000
1744767787612802000
1744767787715393000
1744767787807350000
1744767787908990000
1744767788010142000
1744767788111710000
1744767788213018000
1744767788314371000
1744767788405873000
1744767788507197000
1744767788608966000
1744767788710416000
1744767788812066000
1744767788915476000
1744767789006454000
1744767789108074000
1744767789212405000
1744767789314022000
1744767789415345000
1744767789506671000
1744767789610016000
1744767789711534000
1744767789827798000
1744767789919794000
1744767790011086000
1744767790113790000
1744767790217342000
1744767790308321000
1744767790409900000
1744767790521461000
1744767790613099000
1744767790714950000
1744767790816047000
1744767790917480000
1744767791008523000
1744767791109800000
1744767791211434000
1744767791312745000
1744767791413941000
1744767791515375000
1744767791617378000
1744767791719989000
1744767791812726000
1744767791914033000
1744767792017319000
1744767792119380000
1744767792220611000
1744767792311656000
1744767792422890000
1744767792514601000
1744767792616060000
1744767792718164000
1744767792820121000
1744767792921316000
1744767793012784000
1744767793114100000
1744767793215242000
1744767793316932000
1744767793418803000
1744767793520073000
1744767793621370000
1744767793722547000
1744767793813510000
1744767793914739000
1744767794016547000
1744767794117600000
1744767794220802000
1744767794322036000
1744767794413316000
1744767794514528000
1744767794615899000
1744767794717215000
1744767794833887000
1744767794926292000
1744767795017316000
1744767795118540000
1744767795220330000
1744767795321748000
1744767795423058000
1744767795514362000
1744767795636050000
1744767795716919000
1744767795818762000
1744767795921679000
1744767796024017000
1744767796125422000
1744767796227547000
1744767796318871000
1744767796420720000
1744767796522358000
1744767796623644000
1744767796725402000
1744767796826664000
1744767796928330000
1744767797019579000
1744767797123136000
1744767797224303000
1744767797326425000
1744767797418060000
1744767797529948000
1744767797620795000
1744767797721908000
1744767797825432000
1744767797926744000
1744767798028073000
1744767798119369000
1744767798223796000
1744767798325527000
1744767798426669000
1744767798528421000
1744767798625463000
1744767798719350000
1744767798821633000
1744767798923832000
1744767799027244000
1744767799130294000
1744767799224142000
1744767799325748000
1744767799427105000
1744767799528788000
1744767799630026000
1744767799721045000
1744767799844649000
1744767799926426000
1744767800029364000
1744767800120739000
1744767800222101000
1744767800323220000
1744767800425378000
1744767800527487000
1744767800628713000
1744767800740208000
1744767800821461000
1744767800922692000
1744767801023855000
1744767801126852000
1744767801228118000
1744767801329379000
1744767801420478000
1744767801532042000
1744767801623397000
1744767801725245000
1744767801830657000
1744767801931751000
1744767802023705000
1744767802127327000