1744773878514439000
1744773878628364000
1744773878727431000
1744773878820930000
1744773878914189000
1744773879016273000
1744773879119526000
1744773879212974000
1744773879317836000
1744773879422300000
1744773879517133000
1744773879621476000
1744773879716523000
1744773879820690000
1744773879912582000
1744773880015301000
1744773880117341000
1744773880213936000
1744773880316370000
1744773880419711000
1744773880523667000
1744773880617000000
1744773880721350000
1744773880824586000
1744773880926519000
1744773881023456000
1744773881116082000
1744773881219446000
1744773881327904000
1744773881430357000
1744773881535048000
1744773881638023000
1744773881731478000
1744773881825548000
1744773881920688000
1744773882027098000
1744773882121665000
1744773882229567000
1744773882323281000
1744773882456959000
1744773882561029000
1744773882643627000
1744773882758724000
1744773882862657000
1744773882945875000
1744773883052042000
1744773883156612000
1744773883249728000
1744773883359553000
1744773883461978000
1744773883554330000
1744773883666910000
1744773883761209000
1744773883856421000
1744773883960218000
1744773884054752000
1744773884158099000
1744773884262027000
1744773884364573000
1744773884460207000
1744773884552117000
1744773884654301000
1744773884759222000
1744773884863905000
1744773884958143000
1744773885086921000
1744773885158604000
1744773885251945000
1744773885357542000
1744773885460498000
1744773885564718000
1744773885658684000
1744773885752807000
1744773885855911000
1744773885979078000
1744773886060404000
1744773886164098000
1744773886257922000
1744773886364978000
1744773886470274000
1744773886578132000
1744773886671745000
1744773886798484000
1744773886870266000
1744773886973267000
1744773887078053000
1744773887170504000
1744773887264854000
1744773887374121000
1744773887501206000
1744773887615384000
1744773887740269000
1744773887827044000
1744773887920105000
1744773888013895000
1744773888116845000
1744773888220797000
1744773888312707000
1744773888416019000
1744773888530935000
1744773888614924000
1744773888740220000
1744773888845144000
1744773888970161000
1744773889043261000
1744773889137528000
1744773889244242000
1744773889381161000
1744773889454953000
1744773889548664000
1744773889652950000
1744773889757823000
1744773889850437000
1744773889955105000
1744773890057213000
1744773890152134000
1744773890266368000
1744773890360585000
1744773890454458000
1744773890558046000
1744773890654329000
1744773890757825000
1744773890853739000
1744773890946120000
1744773891059304000
1744773891153606000
1744773891257129000
1744773891351250000
1744773891453874000
1744773891568517000
1744773891650447000
1744773891756537000
1744773891871590000
1744773891963824000
1744773892056185000
1744773892158655000
1744773892261285000
1744773892364633000
1744773892469896000
1744773892557398000
1744773892661419000
1744773892776091000
1744773892871415000
1744773892973808000
1744773893068686000
1744773893163299000
1744773893257767000
1744773893361704000
1744773893468463000
1744773893571400000
1744773893669114000
1744773893763565000
1744773893870513000
1744773893963822000
1744773894071028000
1744773894174129000
1744773894276746000
1744773894370607000
1744773894487715000
1744773894580049000
1744773894672421000
1744773894776859000
1744773894874237000
1744773894979579000
1744773895083918000
1744773895176716000
1744773895271822000
1744773895386144000
1744773895488455000
1744773895571500000
1744773895674370000
1744773895788642000
1744773895883087000
1744773895979813000
1744773896085865000
1744773896198675000
1744773896274081000
1744773896378655000
1744773896481702000
1744773896575098000
1744773896678023000
1744773896770596000
1744773896872845000
1744773896975542000
1744773897081599000
1744773897176090000
1744773897281880000
1744773897375558000
1744773897479157000
1744773897586026000
1744773897679826000
1744773897782693000
1744773897888390000
1744773897974082000
1744773898077124000
1744773898180524000
1744773898274646000
1744773898381480000
1744773898486848000
1744773898580082000
1744773898677833000
1744773898794831000
1744773898890979000
1744773898983726000
1744773899080155000
1744773899183057000
1744773899287482000
1744773899390826000
1744773899504855000
1744773899619285000
1744773899701497000
1744773899796060000
1744773899899641000
1744773899996931000
1744773900120087000
1744773900207308000
1744773900302245000
1744773900395060000
1744773900497571000
1744773900600421000
1744773900702490000
1744773900807099000
1744773900931884000
1744773901048816000
1744773901135646000
1744773901248837000
1744773901340928000
1744773901423623000
1744773901521473000
1744773901627567000
1744773901720195000
1744773901823626000
1744773901915563000
1744773902029277000
1744773902121203000
1744773902534179000
1744773903122180000
1744773903237252000
1744773903364163000
1744773903467760000
1744773903583968000
1744773903680123000
1744773903766791000
1744773903892241000
1744773903974356000
1744773904077208000
1744773904170708000
1744773904274006000
1744773904376447000
1744773904480239000
1744773904585382000
1744773904687930000
1744773904782179000
1744773904876219000
1744773904980576000
1744773905086491000
1744773905179298000
1744773905282343000
1744773905375703000
1744773905491024000
1744773905604322000
1744773905677711000
1744773905782257000
1744773905885656000
1744773905977344000
1744773906080503000
1744773906182816000
1744773906285852000
1744773906390941000
1744773906494618000
1744773906591678000
1744773906677410000
1744773906781334000
1744773906884753000
1744773906977449000
1744773907082164000
1744773907188133000
1744773907304965000
1744773907376805000
1744773907490340000
1744773907595519000
1744773907681025000
1744773907784569000
1744773907888542000
1744773907995966000
1744773908088136000
1744773908192766000
1744773908285702000
1744773908388569000
1744773908492481000
1744773908584112000
1744773908698068000
1744773908791936000
1744773908885093000
1744773909010250000
1744773909093126000
1744773909187261000
1744773909291293000
1744773909396418000
1744773909503225000
1744773909585845000
1744773909690364000
1744773909804679000
1744773909898198000
1744773909993381000
1744773910088809000
1744773910192746000
1744773910297141000
1744773910403001000
1744773910506136000
1744773910591027000
1744773910716126000
1744773910799263000
1744773910901817000
1744773910995773000
1744773911098777000
1744773911204357000
1744773911307164000
1744773911401335000
1744773911525808000
1744773911612750000
1744773911694280000
1744773911810284000
1744773911906673000
1744773912010477000
1744773912102692000
1744773912208327000
1744773912302193000
1744773912427621000
1744773912530725000
1744773912613531000
1744773912706763000
1744773912810952000
1744773912904946000
1744773913008481000
1744773913111089000
1744773913215130000
1744773913308395000
1744773913424443000
1744773913516803000
1744773913611736000
1744773913704927000
1744773913809062000
1744773913913426000
1744773914429097000
1744773914522820000
1744773914620756000
1744773914714041000
1744773914819878000
1744773914944955000
1744773915027958000
1744773915124246000
1744773915218403000
1744773915323391000
1744773915425810000
1744773915527768000
1744773915620847000
1744773915731932000
1744773915846417000
1744773915930196000
1744773916025079000
1744773916132521000
1744773916238431000
1744773916333863000
1744773916435091000
1744773916551450000
1744773916645811000
1744773916726722000
1744773916832412000
1744773916936431000
1744773917031025000
1744773917124601000
1744773917229392000
1744773917324944000
1744773917427055000
1744773917555261000
1744773917636544000
1744773917740191000
1744773917842774000
1744773917936817000
1744773918041295000
1744773918134631000
1744773918237468000
1744773918350936000
1744773918435670000
1744773918537903000
1744773918630378000
1744773918746156000
1744773918838103000
1744773918932168000
1744773919047785000
1744773919140974000
1744773919257730000
1744773919343428000
1744773919449006000
1744773919551790000
1744773919645434000
1744773919748183000
1744773919840593000
1744773919944738000
1744773920048748000
1744773920144690000
1744773920248206000
1744773920354093000
1744773920447561000
1744773920539647000
1744773920644184000
1744773920737309000
1744773920865469000
1744773920959087000
1744773921041415000
1744773921144709000
1744773921241832000
1744773921347276000
1744773921449796000
1744773921536564000
1744773921655588000
1744773921757992000
1744773921842590000
1744773921951791000
1744773922045300000
1744773922150077000
1744773922244690000
1744773922359144000
1744773922442447000
1744773922548896000
1744773922684400000
1744773922756707000
1744773922860622000
1744773922952874000
1744773923056862000
1744773923160340000
1744773923263319000
1744773923356324000
1744773923469109000
1744773923553526000
1744773923666208000
1744773923748023000
1744773923864549000
1744773923959304000
1744773924055231000
1744773924159412000
1744773924256894000
1744773924359018000
1744773924451829000
1744773924565674000
1744773924657997000
1744773924761450000
1744773924865037000
1744773924967973000
1744773925061856000
1744773925178670000
1744773925263984000
1744773925358737000
1744773925467236000
1744773925563943000
1744773925666247000
1744773925770090000
1744773925863008000
1744773925966241000
1744773926080728000
1744773926175165000
1744773926267795000
1744773926373180000
1744773926466410000
1744773926579360000
1744773926661026000
1744773926776963000
1744773926889430000
1744773926971376000
1744773927077237000
1744773927171179000
1744773927279850000
1744773927372324000
1744773927476426000
1744773927580274000
1744773927676352000
1744773927781148000
1744773927876142000
1744773927969201000
1744773928072259000
1744773928176504000
1744773928269387000
1744773928372980000
1744773928480601000
1744773928584220000
1744773928687875000
1744773928775088000
1744773928884861000
1744773928976719000
1744773929071291000
1744773929175102000
1744773929280294000
1744773929592914000
1744773929678145000
1744773929793370000
1744773929887610000
1744773929983237000
1744773930079480000
1744773930172997000
1744773930297505000
1744773930380575000
1744773930483896000
1744773930588454000
1744773930680649000
1744773930794627000
1744773930889742000
1744773930992623000
1744773931101602000
1744773931221729000
1744773931295361000
1744773931398079000
1744773931501646000
1744773931610981000
1744773931693780000
1744773931796153000
1744773931899400000
1744773931993927000
1744773932088347000
1744773932191353000
1744773932298006000
1744773932391975000
1744773932510080000
1744773932592485000
1744773932696734000
1744773933499597000
1744773935616691000
1744773935719910000
1744773935823219000
1744773935915740000
1744773936011150000
1744773936114572000
1744773936227306000
1744773936309696000
1744773936414212000
1744773936506622000
1744773936610928000
1744773936702625000
1744773936809402000
1744773936912067000
1744773937015646000
1744773937133119000
1744773937204579000
1744773937320208000
1744773937426131000
1744773937519474000
1744773937622645000
1744773937729787000
1744773937814923000
1744773937939466000
1744773938023471000
1744773938126348000
1744773938219482000
1744773938323346000
1744773938419135000
1744773938524443000
1744773938620567000
1744773938723050000
1744773938837431000
1744773938931907000
1744773939027899000
1744773939123366000
1744773939217975000
1744773939323474000
1744773939418012000
1744773939523052000
1744773939625776000
1744773939718706000
1744773940418333000
1744773941818594000
1744773941924490000
1744773942030821000
1744773942135357000
1744773942239777000
1744773942332820000
1744773942446961000
1744773942554236000
1744773942639242000
1744773942742292000
1744773942845559000
1744773942940521000
1744773943043899000
1744773943136898000
1744773943230143000
1744773943333986000
1744773943436537000
1744773943541709000
1744773943648205000
1744773943754289000
1744773943838116000
1744773943963478000
1744773944036707000
1744773944152311000
1744773944246080000
1744773944352587000
1744773944455679000
1744773944547674000
1744773944650680000
1744773944768315000
1744773944860791000
1744773944955543000
1744773945059501000
1744773945162648000
1744773945245570000
1744773945348798000
1744773945453291000
1744773945558617000
1744773945683199000
1744773945755426000
1744773945871536000
1744773945966333000
1744773946059478000
1744773946165480000
1744773946258978000
1744773946363596000
1744773946490429000
1744773946583381000
1744773946676013000
1744773946761152000
1744773946863470000
1744773946956734000
1744773947059584000
1744773947165827000
1744773947251983000
1744773947376304000
1744773947458209000
1744773947564378000
1744773947656437000
1744773947760275000
1744773947872519000
1744773947964733000
1744773948068069000
1744773948181430000
1744773948254179000
1744773948372529000
1744773948467357000
1744773948571847000
1744773948665545000
1744773948767745000
1744773948871610000
1744773948975046000
1744773949078097000
1744773949162401000
1744773949267113000
1744773949371587000
1744773949456124000
1744773949570378000
1744773949664699000
1744773949759143000
1744773949884340000
1744773949967759000
1744773950063036000
1744773950167108000
1744773950271152000
1744773950365340000
1744773950469430000
1744773950572491000
1744773950679079000
1744773950772604000
1744773950875676000
1744773950968349000
1744773951073587000
1744773951170273000
1744773951274002000
1744773951366579000
1744773951482631000
1744773951608592000
1744773951682176000
1744773951787120000
1744773951884089000
1744773951992407000
1744773952085728000
1744773952179153000
1744773952283472000
1744773952387100000
1744773952500068000
1744773952582912000
1744773952687752000
1744773952791123000
1744773952894965000
1744773952988657000
1744773953091096000
1744773953185060000
1744773953291290000
1744773953384667000
1744773953486784000
1744773953589872000
1744773953683498000
1744773953791411000
1744773953884492000