1744168678030335000
1744168678121394000
1744168678232960000
1744168678323927000
1744168678425165000
1744168678526244000
1744168678628329000
1744168678731599000
1744168678822497000
1744168678924198000
1744168679025672000
1744168679127096000
1744168679228447000
1744168679329767000
1744168679431190000
1744168679533456000
1744168679624302000
1744168679726140000
1744168679827245000
1744168679929428000
1744168680040678000
1744168680133473000
1744168680224415000
1744168680329493000
1744168680430971000
1744168680532212000
1744168680633707000
1744168680724775000
1744168680826128000
1744168680927345000
1744168681041231000
1744168681132289000
1744168681234109000
1744168681335439000
1744168681428060000
1744168681530613000
1744168681632678000
1744168681735135000
1744168681836282000
1744168681927683000
1744168682028926000
1744168682131748000
1744168682233255000
1744168682334956000
1744168682427550000
1744168682528992000
1744168682630867000
1744168682733023000
1744168682834536000
1744168682936618000
1744168683037681000
1744168683128549000
1744168683229615000
1744168683333221000
1744168683434494000
1744168683535751000
1744168683637746000
1744168683729908000
1744168683831191000
1744168683935534000
1744168684037534000
1744168684128625000
1744168684230195000
1744168684331245000
1744168684435543000
1744168684536624000
1744168684638921000
1744168684740002000
1744168684831083000
1744168684932329000
1744168685033561000
1744168685155497000
1744168685236324000
1744168685337405000
1744168685438740000
1744168685539839000
1744168685640837000
1744168685742526000
1744168685833525000
1744168685938568000
1744168686040822000
1744168686131733000
1744168686234927000
1744168686338167000
1744168686441847000
1744168686532887000
1744168686635610000
1744168686736589000
1744168686842127000
1744168686933247000
1744168687044622000
1744168687146896000
1744168687238332000
1744168687340237000
1744168687441758000
1744168687543006000
1744168687634055000
1744168687735440000
1744168687837445000
1744168687938875000
1744168688041014000
1744168688142307000
1744168688243877000
1744168688344871000
1744168688435832000
1744168688536954000
1744168688638215000
1744168688742689000
1744168688845010000
1744168688936406000
1744168689048493000
1744168689139723000
1744168689243030000
1744168689344850000
1744168689438010000
1744168689539530000
1744168689641340000
1744168689742949000
1744168689844352000
1744168689945566000
1744168690037704000
1744168690139041000
1744168690261597000
1744168690342517000
1744168690444710000
1744168690546244000
1744168690647283000
1744168690738695000
1744168690839676000
1744168690940852000
1744168691043016000
1744168691144536000
1744168691245631000
1744168691346734000
1744168691437679000
1744168691539282000
1744168691640690000
1744168691742078000
1744168691843410000
1744168691945088000
1744168692046411000
1744168692147458000
1744168692238829000
1744168692341847000
1744168692443343000
1744168692544770000
1744168692646423000
1744168692747512000
1744168692838405000
1744168692943108000
1744168693047589000
1744168693148727000
1744168693249808000
1744168693342168000
1744168693443334000
1744168693546055000
1744168693647411000
1744168693753533000
1744168693844455000
1744168693945714000
1744168694048678000
1744168694141575000
1744168694242652000
1744168694343976000
1744168694445832000
1744168694548020000
1744168694649261000
1744168694743541000
1744168694844734000
1744168694946415000
1744168695047640000
1744168695149948000
1744168695251337000
1744168695362726000
1744168695444514000
1744168695545668000
1744168695646656000
1744168695758150000
1744168695849106000
1744168695950541000
1744168696052381000
1744168696143336000
1744168696245623000
1744168696346887000
1744168696448221000
1744168696549539000
1744168696651136000
1744168696743258000
1744168696855585000
1744168696947077000
1744168697050838000
1744168697152165000
1744168697254267000
1744168697357233000
1744168697448449000
1744168697553430000
1744168697655949000
1744168697746939000
1744168697848824000
1744168697949990000
1744168698053670000
1744168698155508000
1744168698256936000
1744168698358286000
1744168698459502000
1744168698553756000
1744168698645875000
1744168698747288000
1744168698850607000
1744168698955680000
1744168699057685000
1744168699158845000
1744168699251525000
1744168699353233000
1744168699455665000
1744168699561315000
1744168699652311000
1744168699753567000
1744168699855556000
1744168699956821000
1744168700058198000
1744168700149591000
1744168700251041000
1744168700352138000
1744168700466593000
1744168700567982000
1744168700651497000
1744168700757032000
1744168700858195000
1744168700949529000
1744168701060683000
1744168701154800000
1744168701256085000
1744168701358813000
1744168701450001000
1744168701562331000
1744168701653529000
1744168701754632000
1744168701856679000
1744168701963195000
1744168702054124000
1744168702155385000
1744168702260389000
1744168702351451000
1744168702462879000
1744168702555387000
1744168702658539000
1744168702751885000
1744168702853048000
1744168702954253000
1744168703055370000
1744168703159872000
1744168703251912000
1744168703353251000
1744168703454438000
1744168703555576000
1744168703657545000
1744168703759626000
1744168703864451000
1744168703955360000
1744168704067236000
1744168704159596000
1744168704260845000
1744168704362440000
1744168704454406000
1744168704555653000
1744168704658745000
1744168704762272000
1744168704863668000
1744168704954593000
1744168705066093000
1744168705157196000
1744168705260819000
1744168705353026000
1744168705454232000
1744168705555319000
1744168705656814000
1744168705758595000
1744168705861730000
1744168705955986000
1744168706060122000
1744168706162383000
1744168706263656000
1744168706365554000
1744168706459076000
1744168706561255000
1744168706662534000
1744168706754061000
1744168706855629000
1744168706967257000
1744168707058267000
1744168707159877000
1744168707261237000
1744168707363084000
1744168707464260000
1744168707555523000
1744168707657913000
1744168707761458000
1744168707863102000
1744168707964900000
1744168708066432000
1744168708167679000
1744168708259086000
1744168708361080000
1744168708463942000
1744168708554965000
1744168708656044000
1744168708758429000
1744168708861582000
1744168708963106000
1744168709064576000
1744168709168020000
1744168709259058000
1744168709361842000
1744168709465156000
1744168709566444000
1744168709657379000
1744168709758663000
1744168709861817000
1744168709965403000
1744168710067775000
1744168710161039000
1744168710262577000
1744168710364308000
1744168710465346000
1744168710566950000
1744168710679633000
1744168710763373000
1744168710864482000
1744168710967006000
1744168711068395000
1744168711159331000
1744168711260607000
1744168711362507000
1744168711464085000
1744168711558293000
1744168711669760000
1744168711760730000
1744168711862109000
1744168711964262000
1744168712066182000
1744168712159137000
1744168712270794000
1744168712362388000
1744168712463752000
1744168712567588000
1744168712668759000
1744168712769882000
1744168712871357000
1744168712963056000
1744168713064441000
1744168713168483000
1744168713270439000
1744168713363239000
1744168713464814000
1744168713566303000
1744168713668089000
1744168713769590000
1744168713871665000
1744168713973107000
1744168714064417000
1744168714165627000
1744168714267993000
1744168714369679000
1744168714470848000
1744168714572407000
1744168714663510000
1744168714764836000
1744168714865845000
1744168714968023000
1744168715072129000
1744168715163221000
1744168715264487000
1744168715367867000
1744168715469084000
1744168715570862000
1744168715672100000
1744168715783273000
1744168715864043000
1744168715965190000
1744168716067134000
1744168716169237000
1744168716270640000
1744168716371956000
1744168716473647000
1744168716576788000
1744168716669022000
1744168716770473000
1744168716871918000
1744168716973120000
1744168717064164000
1744168717165230000
1744168717271326000
1744168717372482000
1744168717473910000
1744168717565742000
1744168717666849000
1744168717767988000
1744168717869905000
1744168717972361000
1744168718073481000
1744168718176812000
1744168718277927000
1744168718369450000
1744168718475664000
1744168718577560000
1744168718669012000
1744168718772420000
1744168718874087000
1744168718975342000
1744168719070034000
1744168719171522000
1744168719274151000
1744168719375430000
1744168719477558000
1744168719578577000
1744168719679613000
1744168719770637000
1744168719871708000
1744168719973072000
1744168720076528000
1744168720169634000
1744168720280675000
1744168720381786000
1744168720472820000
1744168720575458000
1744168720677284000
1744168720780412000
1744168720883133000
1744168720977438000
1744168721080920000
1744168721171900000
1744168721273341000
1744168721375346000
1744168721477904000
1744168721570402000
1744168721671633000
1744168721772718000
1744168721879481000
1744168721980847000
1744168722071949000
1744168722173671000
1744168722275182000
1744168722376371000
1744168722480459000
1744168722582029000
1744168722683635000
1744168722784698000
1744168722876026000
1744168722977065000
1744168723078304000
1744168723180920000
1744168723273862000
1744168723385149000
1744168723477613000
1744168723580150000
1744168723682501000
1744168723774961000
1744168723875942000
1744168723979133000
1744168724081394000
1744168724182697000
1744168724274003000
1744168724385469000
1744168724476535000
1744168724577836000
1744168724679314000
1744168724780766000
1744168724883987000
1744168724975146000
1744168725079476000
1744168725182325000
1744168725284203000
1744168725375695000
1744168725476777000
1744168725577900000
1744168725681614000
1744168725785311000
1744168725876419000
1744168725977638000
1744168726079183000
1744168726183027000
1744168726274920000
1744168726377043000
1744168726478136000
1744168726582427000
1744168726684238000
1744168726775323000
1744168726877683000
1744168726978721000
1744168727085223000
1744168727186205000
1744168727287356000
1744168727378440000
1744168727479804000
1744168727584268000
1744168727675680000
1744168727778678000
1744168727880191000
1744168727984557000
1744168728085649000
1744168728178510000
1744168728279767000
1744168728383421000
1744168728485751000
1744168728588180000
1744168728679602000
1744168728780772000
1744168728882242000
1744168728983434000
1744168729085094000
1744168729186699000
1744168729287744000
1744168729378763000
1744168729480073000
1744168729582216000
1744168729683882000
1744168729786113000
1744168729887337000
1744168729988530000
1744168730079667000
1744168730180854000
1744168730282256000
1744168730386396000
1744168730487711000
1744168730589831000
1744168730682478000
1744168730783750000
1744168730886368000
1744168730988411000
1744168731087000000
1744168731188653000
1744168731281501000
1744168731382653000
1744168731483913000
1744168731588844000
1744168731690190000
1744168731781333000
1744168731883409000
1744168731986437000
1744168732089176000
1744168732190385000
1744168732282900000
1744168732386580000
1744168732488953000
1744168732591218000
1744168732682232000
1744168732785593000
1744168732888641000
1744168732989777000
1744168733081271000
1744168733182710000
1744168733284366000
1744168733385607000
1744168733487159000
1744168733588214000
1744168733689566000
1744168733790762000
1744168733881933000
1744168733983342000
1744168734086726000
1744168734188655000
1744168734290658000
1744168734382215000
1744168734483701000
1744168734585288000
1744168734686938000
1744168734788231000